#		Prot_CA	Prot_Backbone	Prot_Sidechain		Lig_wrt_Protein	Lig_wrt_Ligand			Prot_CA	Prot_All_Heavy		
0	0	0	0	0	0	0						0	0
1	1.236	1.236	1.889	1.473	1.469	0.254						1	1.236
2	1.32	1.32	2.047	1.582	0.983	0.348						2	1.32
3	1.246	1.246	2.095	1.578	1.316	0.265						3	1.246
4	1.413	1.413	2.308	1.785	1.197	0.409						4	1.413
5	1.546	1.546	2.388	1.9	1.53	0.356						5	1.546
6	1.477	1.477	2.418	1.895	1.945	0.64						6	1.477
7	1.739	1.739	2.669	2.15	2.056	0.585						7	1.739
8	1.757	1.757	2.61	2.114	2.198	0.478						8	1.757
9	1.634	1.634	2.549	2.035	1.163	0.442						9	1.634
10	1.794	1.794	2.695	2.194	1.718	0.483						10	1.794
11	1.438	1.438	2.482	1.937	1.807	0.201						11	1.438
12	1.57	1.57	2.616	2.08	1.189	0.364						12	1.57
13	1.598	1.598	2.558	2.038	1.373	0.234						13	1.598
14	1.435	1.435	2.457	1.911	1.691	0.611						14	1.435
15	1.672	1.672	2.7	2.152	1.04	0.38						15	1.672
16	1.678	1.678	2.694	2.137	1.422	0.21						16	1.678
17	1.711	1.711	2.701	2.16	1.602	0.293						17	1.711
18	1.858	1.858	2.759	2.26	0.763	0.192						18	1.858
19	1.593	1.593	2.614	2.078	1.296	0.372						19	1.593
20	1.436	1.436	2.543	1.953	1.734	0.479						20	1.436
21	1.936	1.936	2.86	2.341	1.955	0.198						21	1.936
22	2.081	2.081	3.072	2.538	2.102	0.677						22	2.081
23	1.863	1.863	2.859	2.326	1.982	0.573						23	1.863
24	1.802	1.802	2.873	2.297	1.888	0.431						24	1.802
25	1.791	1.791	2.904	2.325	1.536	0.493						25	1.791
26	1.791	1.791	2.876	2.302	1.858	0.673						26	1.791
27	1.983	1.983	2.913	2.396	1.395	0.3						27	1.983
28	1.989	1.989	2.997	2.466	0.96	0.554						28	1.989
29	2.011	2.011	2.924	2.409	1.162	0.335						29	2.011
30	1.719	1.719	2.76	2.21	1.548	0.241						30	1.719
31	2.007	2.007	2.856	2.362	1.909	0.333						31	2.007
32	1.746	1.746	2.787	2.213	0.69	0.391						32	1.746
33	1.726	1.726	2.838	2.23	1.654	0.26						33	1.726
34	1.826	1.826	2.864	2.299	0.722	0.287						34	1.826
35	2.164	2.164	3.112	2.601	1.542	0.344						35	2.164
36	2.36	2.36	3.303	2.806	1.527	0.445						36	2.36
37	2.487	2.487	3.322	2.864	1.735	0.427						37	2.487
38	2.569	2.569	3.36	2.907	1.449	0.519						38	2.569
39	1.956	1.956	3.016	2.485	1.226	0.369						39	1.956
40	2.114	2.114	3.09	2.575	1.586	0.478						40	2.114
41	2.284	2.284	3.205	2.72	1.881	0.621						41	2.284
42	2.221	2.221	3.17	2.679	0.998	0.223						42	2.221
43	2.556	2.556	3.411	2.955	1.326	0.228						43	2.556
44	2.433	2.433	3.298	2.848	1.938	0.229						44	2.433
45	2.116	2.116	3.076	2.605	1.67	0.346						45	2.116
46	2.136	2.136	3.121	2.617	1.575	0.191						46	2.136
47	2.474	2.474	3.338	2.893	1.896	0.293						47	2.474
48	2.277	2.277	3.146	2.688	1.374	0.363						48	2.277
49	2.293	2.293	3.244	2.763	1.506	0.352						49	2.293
50	2.345	2.345	3.265	2.783	1.809	0.271						50	2.345
51	2.276	2.276	3.202	2.727	1.639	0.495						51	2.276
52	2.308	2.308	3.232	2.757	1.433	0.439						52	2.308
53	2.357	2.357	3.327	2.834	1.213	0.329						53	2.357
54	2.282	2.282	3.195	2.722	1.335	0.313						54	2.282
55	1.994	1.994	3.029	2.501	0.668	0.293						55	1.994
56	2.092	2.092	3.052	2.557	1.409	0.407						56	2.092
57	2.603	2.603	3.464	3.021	1.92	0.549						57	2.603
58	2.579	2.579	3.445	3.017	1.239	0.352						58	2.579
59	2.273	2.273	3.181	2.719	1.188	0.214						59	2.273
60	2.24	2.24	3.223	2.729	0.827	0.204						60	2.24
61	2.171	2.171	3.171	2.686	1.8	0.277						61	2.171
62	2.392	2.392	3.294	2.837	1.418	0.239						62	2.392
63	2.34	2.34	3.297	2.795	0.987	0.308						63	2.34
64	2.198	2.198	3.192	2.687	1.669	0.478						64	2.198
65	2.288	2.288	3.258	2.77	2.197	0.534						65	2.288
66	2.108	2.108	3.099	2.588	1.811	0.445						66	2.108
67	2.319	2.319	3.272	2.771	1.926	0.535						67	2.319
68	2.157	2.157	3.128	2.614	1.615	0.517						68	2.157
69	2.402	2.402	3.356	2.852	1.763	0.593						69	2.402
70	2.561	2.561	3.51	3.005	1.647	0.539						70	2.561
71	2.234	2.234	3.259	2.727	2.003	0.401						71	2.234
72	2.147	2.147	3.099	2.579	1.563	0.561						72	2.147
73	2.166	2.166	3.136	2.623	1.022	0.5						73	2.166
74	2.173	2.173	3.109	2.6	1.341	0.488						74	2.173
75	2.139	2.139	3.165	2.609	1.67	0.672						75	2.139
76	2.295	2.295	3.274	2.747	1.985	0.687						76	2.295
77	2.225	2.225	3.237	2.699	1.891	1.254						77	2.225
78	2.323	2.323	3.255	2.761	2.132	1.287						78	2.323
79	2.403	2.403	3.34	2.854	1.804	1.162						79	2.403
80	2.128	2.128	3.121	2.597	2.219	0.72						80	2.128
81	2.216	2.216	3.227	2.703	2.142	1.243						81	2.216
82	2.216	2.216	3.168	2.664	1.915	1.301						82	2.216
83	2.473	2.473	3.388	2.894	2.29	1.364						83	2.473
84	2.312	2.312	3.233	2.74	2.11	1.259						84	2.312
85	2.213	2.213	3.152	2.645	1.791	1.219						85	2.213
86	2.531	2.531	3.38	2.915	1.778	1.098						86	2.531
87	2.407	2.407	3.313	2.813	2.048	1.371						87	2.407
88	2.196	2.196	3.17	2.631	2.285	1.229						88	2.196
89	2.149	2.149	3.122	2.602	2.17	1.128						89	2.149
90	2.198	2.198	3.126	2.611	2.379	1.249						90	2.198
91	2.367	2.367	3.304	2.794	1.959	1.136						91	2.367
92	2.33	2.33	3.292	2.789	2.242	1.265						92	2.33
93	2.17	2.17	3.192	2.658	2.051	1.231						93	2.17
94	2.56	2.56	3.455	2.98	2.194	1.281						94	2.56
95	2.518	2.518	3.444	2.944	2.143	1.233						95	2.518
96	2.508	2.508	3.451	2.955	2.244	1.35						96	2.508
97	2.527	2.527	3.39	2.917	2.102	1.217						97	2.527
98	2.472	2.472	3.39	2.911	2.419	1.276						98	2.472
99	2.426	2.426	3.357	2.856	2.71	1.322						99	2.426
100	2.29	2.29	3.259	2.755	3.212	1.185						100	2.29
101	2.61	2.61	3.462	3.003	3.415	1.291						101	2.61
102	2.627	2.627	3.515	3.062	3.14	1.285						102	2.627
103	2.706	2.706	3.572	3.128	3.067	1.149						103	2.706
104	2.6	2.6	3.519	3.052	3.042	1.189						104	2.6
105	2.682	2.682	3.556	3.119	3.199	1.285						105	2.682
106	2.474	2.474	3.427	2.943	3.322	1.326						106	2.474
107	2.373	2.373	3.324	2.813	3.119	1.221						107	2.373
108	2.393	2.393	3.338	2.807	3.037	1.23						108	2.393
109	2.241	2.241	3.304	2.738	3.131	1.235						109	2.241
110	2.181	2.181	3.256	2.697	3.314	1.288						110	2.181
111	2.276	2.276	3.295	2.754	3.162	1.241						111	2.276
112	2.215	2.215	3.235	2.676	3.033	1.186						112	2.215
113	2.159	2.159	3.21	2.653	3.216	1.33						113	2.159
114	2.475	2.475	3.37	2.897	3.044	1.218						114	2.475
115	2.346	2.346	3.293	2.802	3.096	1.161						115	2.346
116	2.429	2.429	3.369	2.883	3.012	1.25						116	2.429
117	2.5	2.5	3.497	3.004	3.224	1.275						117	2.5
118	2.773	2.773	3.583	3.174	3.218	1.366						118	2.773
119	2.641	2.641	3.52	3.079	2.975	1.294						119	2.641
120	2.554	2.554	3.442	2.988	3.071	1.289						120	2.554
121	2.772	2.772	3.572	3.163	3.082	1.116						121	2.772
122	2.457	2.457	3.363	2.915	3.205	1.226						122	2.457
123	2.398	2.398	3.33	2.859	3.081	1.21						123	2.398
124	2.518	2.518	3.35	2.915	3.114	1.173						124	2.518
125	2.68	2.68	3.51	3.075	3.153	1.413						125	2.68
126	2.806	2.806	3.603	3.168	2.954	1.308						126	2.806
127	2.666	2.666	3.567	3.097	3.037	1.01						127	2.666
128	2.556	2.556	3.448	2.973	2.761	0.989						128	2.556
129	2.613	2.613	3.465	2.994	2.705	1.175						129	2.613
130	2.52	2.52	3.386	2.913	2.599	0.736						130	2.52
131	2.73	2.73	3.534	3.087	2.602	0.993						131	2.73
132	2.681	2.681	3.529	3.06	2.45	0.956						132	2.681
133	2.857	2.857	3.682	3.232	3.012	1.093						133	2.857
134	3.009	3.009	3.775	3.355	2.85	0.989						134	3.009
135	2.978	2.978	3.737	3.317	2.702	1.026						135	2.978
136	2.8	2.8	3.607	3.176	2.886	1.151						136	2.8
137	2.851	2.851	3.63	3.23	2.795	1.028						137	2.851
138	2.886	2.886	3.677	3.258	2.886	0.979						138	2.886
139	2.855	2.855	3.704	3.272	2.516	0.994						139	2.855
140	2.909	2.909	3.736	3.311	2.953	0.978						140	2.909
141	2.604	2.604	3.487	3.042	2.49	1.216						141	2.604
142	2.709	2.709	3.563	3.121	2.519	0.83						142	2.709
143	3.037	3.037	3.773	3.385	2.673	0.962						143	3.037
144	2.809	2.809	3.581	3.163	2.938	1.148						144	2.809
145	2.777	2.777	3.624	3.177	3.084	1.206						145	2.777
146	2.626	2.626	3.536	3.047	3.116	1.32						146	2.626
147	2.81	2.81	3.703	3.229	2.849	1.199						147	2.81
148	2.714	2.714	3.621	3.147	2.971	1.147						148	2.714
149	2.811	2.811	3.664	3.214	2.85	1.151						149	2.811
150	2.946	2.946	3.738	3.32	2.425	1.173						150	2.946
151	3.024	3.024	3.848	3.412	2.86	1.013						151	3.024
152	3	3	3.84	3.397	2.899	1.039						152	3
153	2.596	2.596	3.52	3.028	3.002	1.125						153	2.596
154	2.694	2.694	3.569	3.109	2.916	1.118						154	2.694
155	2.736	2.736	3.594	3.137	3.233	1.313						155	2.736
156	2.455	2.455	3.381	2.901	3.017	1.236						156	2.455
157	2.827	2.827	3.67	3.232	3.094	1.248						157	2.827
158	2.802	2.802	3.653	3.205	2.889	1.171						158	2.802
159	2.732	2.732	3.6	3.13	2.915	1.246						159	2.732
160	2.866	2.866	3.663	3.236	3	1.239						160	2.866
161	2.699	2.699	3.582	3.108	3.03	1.166						161	2.699
162	2.967	2.967	3.774	3.315	3.144	1.253						162	2.967
163	2.711	2.711	3.545	3.084	2.944	1.241						163	2.711
164	2.53	2.53	3.455	2.95	2.923	1.264						164	2.53
165	2.737	2.737	3.585	3.13	3.201	1.269						165	2.737
166	2.74	2.74	3.636	3.172	3.085	1.29						166	2.74
167	2.609	2.609	3.541	3.051	3.076	1.287						167	2.609
168	2.551	2.551	3.478	3.011	3.589	1.202						168	2.551
169	3.079	3.079	3.876	3.461	3.122	1.182						169	3.079
170	2.943	2.943	3.729	3.324	3.171	1.274						170	2.943
171	2.548	2.548	3.428	2.961	2.987	1.279						171	2.548
172	2.805	2.805	3.635	3.199	3.246	1.02						172	2.805
173	2.624	2.624	3.504	3.061	2.94	1.019						173	2.624
174	2.527	2.527	3.455	2.977	2.72	1.039						174	2.527
175	2.51	2.51	3.441	2.976	2.868	0.956						175	2.51
176	2.394	2.394	3.364	2.859	2.995	1.277						176	2.394
177	2.545	2.545	3.469	3.004	3.189	1.212						177	2.545
178	2.634	2.634	3.506	3.064	3.017	1.093						178	2.634
179	2.83	2.83	3.722	3.271	3.137	1.237						179	2.83
180	2.635	2.635	3.573	3.088	3.065	1.213						180	2.635
181	2.455	2.455	3.386	2.915	2.98	1.24						181	2.455
182	2.722	2.722	3.572	3.125	2.839	1.249						182	2.722
183	2.659	2.659	3.541	3.078	2.938	1.236						183	2.659
184	2.568	2.568	3.492	3.041	2.836	1.198						184	2.568
185	2.889	2.889	3.66	3.26	2.945	1.261						185	2.889
186	2.728	2.728	3.568	3.146	3.132	1.252						186	2.728
187	2.829	2.829	3.656	3.245	3.013	1.184						187	2.829
188	2.757	2.757	3.568	3.15	2.915	1.244						188	2.757
189	3.096	3.096	3.867	3.459	3.309	1.352						189	3.096
190	2.905	2.905	3.741	3.293	3.272	1.223						190	2.905
191	2.787	2.787	3.684	3.205	3.259	1.045						191	2.787
192	2.799	2.799	3.73	3.243	2.904	1.19						192	2.799
193	2.673	2.673	3.619	3.124	2.929	1.121						193	2.673
194	2.636	2.636	3.621	3.108	3.175	1.104						194	2.636
195	2.735	2.735	3.655	3.183	3.254	1.3						195	2.735
196	2.522	2.522	3.511	2.987	3.322	1.357						196	2.522
197	2.526	2.526	3.548	3.018	2.874	1.185						197	2.526
198	2.738	2.738	3.672	3.202	3.314	1.318						198	2.738
199	3.01	3.01	3.87	3.42	2.978	1.321						199	3.01
200	2.914	2.914	3.85	3.369	3.168	1.284						200	2.914
201	2.971	2.971	3.881	3.422	3.29	1.353						201	2.971
202	3.024	3.024	3.903	3.467	3.092	1.17						202	3.024
203	2.902	2.902	3.826	3.354	3.278	1.206						203	2.902
204	2.89	2.89	3.788	3.338	3.064	1.314						204	2.89
205	2.873	2.873	3.762	3.298	3.122	1.228						205	2.873
206	2.929	2.929	3.792	3.349	3.204	1.28						206	2.929
207	3.129	3.129	3.956	3.531	3.192	1.086						207	3.129
208	2.706	2.706	3.671	3.167	3.116	1.249						208	2.706
209	2.853	2.853	3.807	3.334	2.935	1.287						209	2.853
210	2.833	2.833	3.753	3.275	2.971	1.163						210	2.833
211	2.893	2.893	3.776	3.328	3.06	1.07						211	2.893
212	2.896	2.896	3.762	3.31	2.939	1.178						212	2.896
213	2.99	2.99	3.842	3.383	3.099	1.272						213	2.99
214	2.981	2.981	3.828	3.381	3.107	1.222						214	2.981
215	3.327	3.327	4.124	3.715	2.763	1.009						215	3.327
216	2.996	2.996	3.839	3.394	2.931	1.373						216	2.996
217	3.245	3.245	4.053	3.627	3.216	1.213						217	3.245
218	3.07	3.07	3.943	3.494	2.741	1.167						218	3.07
219	3.318	3.318	4.102	3.688	2.917	0.812						219	3.318
220	2.919	2.919	3.895	3.403	2.676	1.019						220	2.919
221	2.931	2.931	3.811	3.369	2.624	0.708						221	2.931
222	2.945	2.945	3.874	3.418	2.721	0.857						222	2.945
223	3.097	3.097	3.99	3.541	2.829	0.954						223	3.097
224	3.136	3.136	3.972	3.54	2.535	0.853						224	3.136
225	3.124	3.124	3.975	3.551	2.897	0.98						225	3.124
226	3.208	3.208	4.01	3.602	2.743	0.825						226	3.208
227	3.074	3.074	3.987	3.532	2.483	0.888						227	3.074
228	2.809	2.809	3.767	3.29	2.82	0.812						228	2.809
229	3.022	3.022	3.934	3.486	2.931	0.882						229	3.022
230	2.956	2.956	3.953	3.477	2.691	0.848						230	2.956
231	2.695	2.695	3.688	3.2	2.707	0.954						231	2.695
232	2.723	2.723	3.684	3.205	2.782	1.108						232	2.723
233	2.818	2.818	3.766	3.297	2.718	1.142						233	2.818
234	3.098	3.098	3.962	3.541	2.865	0.97						234	3.098
235	2.977	2.977	3.847	3.419	2.762	1.06						235	2.977
236	2.617	2.617	3.617	3.131	2.913	1.17						236	2.617
237	3.137	3.137	3.993	3.59	2.639	1.161						237	3.137
238	3.188	3.188	4.003	3.608	2.819	0.872						238	3.188
239	3.152	3.152	3.992	3.582	2.712	0.897						239	3.152
240	3.081	3.081	3.923	3.518	3.02	1.092						240	3.081
241	2.885	2.885	3.782	3.343	2.853	1.306						241	2.885
242	2.986	2.986	3.829	3.402	2.883	1.017						242	2.986
243	2.916	2.916	3.807	3.361	3.085	1.212						243	2.916
244	3.129	3.129	3.93	3.522	3.256	1.072						244	3.129
245	3.126	3.126	3.98	3.55	2.723	0.955						245	3.126
246	3.202	3.202	4.031	3.604	2.566	0.96						246	3.202
247	2.951	2.951	3.837	3.394	2.925	1.008						247	2.951
248	3.213	3.213	4.029	3.614	2.864	0.902						248	3.213
249	2.983	2.983	3.849	3.42	3.035	1.085						249	2.983
250	2.647	2.647	3.636	3.143	2.701	1.034						250	2.647
251	3.066	3.066	3.989	3.535	2.895	1.064						251	3.066
252	2.838	2.838	3.794	3.328	2.648	0.939						252	2.838
253	2.85	2.85	3.76	3.308	2.919	0.988						253	2.85
254	2.917	2.917	3.81	3.377	2.781	0.975						254	2.917
255	2.777	2.777	3.738	3.258	2.453	1.358						255	2.777
256	2.883	2.883	3.798	3.329	2.427	1.202						256	2.883
257	2.906	2.906	3.805	3.345	2.285	1.287						257	2.906
258	2.834	2.834	3.769	3.304	2.289	1.349						258	2.834
259	2.994	2.994	3.881	3.428	2.218	1.22						259	2.994
260	3.096	3.096	3.928	3.495	2.796	0.966						260	3.096
261	3.009	3.009	3.937	3.48	2.271	1.21						261	3.009
262	3.341	3.341	4.173	3.762	2.995	0.871						262	3.341
263	2.997	2.997	3.911	3.46	2.623	1.16						263	2.997
264	3.008	3.008	3.914	3.467	3.013	1.06						264	3.008
265	2.823	2.823	3.811	3.335	3.144	1.055						265	2.823
266	3.077	3.077	4.01	3.569	3.129	0.97						266	3.077
267	3.014	3.014	3.941	3.496	3.085	1.075						267	3.014
268	2.96	2.96	3.919	3.462	3.047	1.121						268	2.96
269	3.023	3.023	3.959	3.522	3.229	1.031						269	3.023
270	3.048	3.048	4.021	3.564	2.954	0.847						270	3.048
271	3.011	3.011	3.984	3.535	3.068	0.876						271	3.011
272	3.111	3.111	4.106	3.658	2.835	0.918						272	3.111
273	3.135	3.135	4.092	3.655	3.198	0.87						273	3.135
274	2.908	2.908	3.908	3.454	2.792	0.981						274	2.908
275	3.018	3.018	3.958	3.512	3.117	0.924						275	3.018
276	3.065	3.065	3.975	3.539	3.287	1.009						276	3.065
277	3.03	3.03	3.955	3.508	2.829	0.988						277	3.03
278	3.015	3.015	3.937	3.486	3.34	1.149						278	3.015
279	3.377	3.377	4.2	3.795	2.663	0.997						279	3.377
280	2.941	2.941	3.885	3.438	2.635	0.928						280	2.941
281	3.419	3.419	4.239	3.836	2.856	1.219						281	3.419
282	3.166	3.166	4.03	3.603	2.943	1.082						282	3.166
283	2.905	2.905	3.86	3.388	2.755	1.051						283	2.905
284	2.989	2.989	3.959	3.475	2.133	1.148						284	2.989
285	3.004	3.004	3.919	3.452	2.927	0.907						285	3.004
286	2.859	2.859	3.813	3.342	3.201	1.131						286	2.859
287	2.927	2.927	3.897	3.426	2.595	0.889						287	2.927
288	3.075	3.075	4.007	3.565	3.231	1.18						288	3.075
289	2.853	2.853	3.837	3.367	2.475	0.961						289	2.853
290	3.04	3.04	3.975	3.516	2.868	0.964						290	3.04
291	2.864	2.864	3.888	3.397	3.124	1.088						291	2.864
292	2.933	2.933	3.903	3.437	3.097	1.292						292	2.933
293	2.832	2.832	3.803	3.325	2.704	0.876						293	2.832
294	2.871	2.871	3.824	3.365	2.913	1.144						294	2.871
295	2.65	2.65	3.691	3.196	2.67	0.998						295	2.65
296	2.909	2.909	3.857	3.399	2.729	0.997						296	2.909
297	2.995	2.995	3.84	3.419	3.106	1.186						297	2.995
298	3.289	3.289	4.117	3.703	3.067	1.095						298	3.289
299	3.104	3.104	3.938	3.513	2.74	0.99						299	3.104
300	3.34	3.34	4.203	3.766	2.824	0.872						300	3.34
301	3.014	3.014	3.854	3.43	3.203	1.226						301	3.014
302	3.25	3.25	4.102	3.679	2.963	1.041						302	3.25
303	3.348	3.348	4.234	3.809	3.009	0.936						303	3.348
304	3.122	3.122	4.048	3.607	2.913	0.971						304	3.122
305	3.204	3.204	4.106	3.684	2.734	1.086						305	3.204
306	3.096	3.096	4.027	3.592	2.861	1.016						306	3.096
307	2.98	2.98	3.927	3.477	2.903	1.146						307	2.98
308	2.889	2.889	3.858	3.403	2.929	0.961						308	2.889
309	3.432	3.432	4.224	3.839	2.913	1.281						309	3.432
310	3.076	3.076	4.025	3.566	3.143	1.126						310	3.076
311	2.944	2.944	3.796	3.355	3.009	1.261						311	2.944
312	2.953	2.953	3.776	3.364	2.843	1.082						312	2.953
313	2.976	2.976	3.849	3.418	2.778	0.872						313	2.976
314	2.98	2.98	3.831	3.405	2.739	1.088						314	2.98
315	2.831	2.831	3.751	3.311	2.503	1.062						315	2.831
316	2.986	2.986	3.856	3.441	2.429	1.144						316	2.986
317	2.854	2.854	3.801	3.339	2.445	1.177						317	2.854
318	2.958	2.958	3.863	3.425	1.993	0.645						318	2.958
319	3.134	3.134	4.02	3.603	2.513	1.056						319	3.134
320	2.868	2.868	3.829	3.366	2.302	1.098						320	2.868
321	3.05	3.05	3.957	3.518	2.564	1.195						321	3.05
322	3.081	3.081	3.931	3.501	2.391	0.863						322	3.081
323	3.058	3.058	3.926	3.491	2.696	1.223						323	3.058
324	3.025	3.025	3.91	3.451	2.4	1.28						324	3.025
325	3.052	3.052	3.914	3.479	2.463	1.164						325	3.052
326	2.931	2.931	3.904	3.425	1.44	0.455						326	2.931
327	2.938	2.938	3.857	3.393	1.566	0.327						327	2.938
328	2.845	2.845	3.748	3.287	1.355	0.432						328	2.845
329	3.01	3.01	3.882	3.443	1.224	0.387						329	3.01
330	3.097	3.097	3.944	3.537	1.027	0.375						330	3.097
331	2.946	2.946	3.854	3.402	0.971	0.443						331	2.946
332	3.074	3.074	3.917	3.506	1.017	0.436						332	3.074
333	2.97	2.97	3.822	3.406	1.06	0.339						333	2.97
334	3.188	3.188	4.014	3.605	1.821	0.204						334	3.188
335	2.809	2.809	3.724	3.276	1.874	0.485						335	2.809
336	2.795	2.795	3.733	3.258	1.698	0.419						336	2.795
337	2.983	2.983	3.888	3.445	0.903	0.211						337	2.983
338	2.764	2.764	3.704	3.243	1.127	0.206						338	2.764
339	2.757	2.757	3.683	3.222	1.322	0.188						339	2.757
340	3.126	3.126	4.025	3.585	2.525	0.661						340	3.126
341	3.075	3.075	4.011	3.533	2.904	0.573						341	3.075
342	2.898	2.898	3.84	3.372	2.89	0.732						342	2.898
343	3.115	3.115	3.987	3.543	2.696	0.732						343	3.115
344	2.853	2.853	3.834	3.342	2.607	0.688						344	2.853
345	3.132	3.132	4.056	3.591	2.41	0.723						345	3.132
346	2.818	2.818	3.821	3.318	2.323	0.678						346	2.818
347	3.048	3.048	3.954	3.518	2.546	0.522						347	3.048
348	2.866	2.866	3.886	3.397	1.982	0.551						348	2.866
349	2.879	2.879	3.95	3.436	2.319	0.351						349	2.879
350	2.948	2.948	3.967	3.481	2.35	0.851						350	2.948
351	2.825	2.825	3.87	3.356	2.36	0.868						351	2.825
352	2.758	2.758	3.803	3.29	2.058	0.841						352	2.758
353	2.839	2.839	3.928	3.393	2.467	0.832						353	2.839
354	2.819	2.819	3.916	3.399	2.735	0.786						354	2.819
355	3.031	3.031	3.969	3.515	2.002	1.281						355	3.031
356	3.129	3.129	4.067	3.61	2.163	0.8						356	3.129
357	2.733	2.733	3.821	3.304	2.304	0.628						357	2.733
358	2.867	2.867	3.934	3.414	2.254	0.675						358	2.867
359	2.573	2.573	3.688	3.147	2.235	1.012						359	2.573
360	2.541	2.541	3.676	3.122	2.357	0.692						360	2.541
361	2.665	2.665	3.703	3.198	2.33	0.573						361	2.665
362	2.846	2.846	3.887	3.369	2.502	0.657						362	2.846
363	2.83	2.83	3.838	3.334	2.417	0.612						363	2.83
364	2.6	2.6	3.624	3.1	2.158	0.801						364	2.6
365	2.455	2.455	3.528	2.975	2.07	0.935						365	2.455
366	2.41	2.41	3.545	2.961	2.376	0.588						366	2.41
367	2.451	2.451	3.566	3.005	2.089	0.703						367	2.451
368	2.886	2.886	3.884	3.383	2.207	0.851						368	2.886
369	2.88	2.88	3.836	3.355	2.235	0.911						369	2.88
370	2.516	2.516	3.606	3.052	2.204	0.667						370	2.516
371	2.426	2.426	3.521	2.964	2.153	0.729						371	2.426
372	2.524	2.524	3.623	3.065	2.185	0.821						372	2.524
373	2.36	2.36	3.49	2.925	2.262	0.943						373	2.36
374	2.653	2.653	3.693	3.159	1.982	0.888						374	2.653
375	2.651	2.651	3.683	3.161	2.359	0.911						375	2.651
376	2.62	2.62	3.623	3.106	2.05	0.743						376	2.62
377	2.632	2.632	3.63	3.121	1.888	0.702						377	2.632
378	2.468	2.468	3.549	3.016	1.93	0.844						378	2.468
379	2.305	2.305	3.389	2.835	2.202	0.644						379	2.305
380	2.365	2.365	3.418	2.877	2.164	0.781						380	2.365
381	2.341	2.341	3.451	2.91	2.43	1.125						381	2.341
382	2.453	2.453	3.515	2.974	2.263	0.743						382	2.453
383	2.433	2.433	3.531	2.974	2.21	0.884						383	2.433
384	2.531	2.531	3.625	3.099	2.075	0.62						384	2.531
385	2.583	2.583	3.653	3.13	2.034	0.84						385	2.583
386	2.457	2.457	3.547	3.004	2.238	0.937						386	2.457
387	2.716	2.716	3.72	3.222	2.031	0.863						387	2.716
388	2.57	2.57	3.655	3.143	2.024	0.648						388	2.57
389	2.678	2.678	3.724	3.207	2.254	0.792						389	2.678
390	2.868	2.868	3.828	3.341	2.119	0.76						390	2.868
391	2.599	2.599	3.675	3.142	2.122	0.928						391	2.599
392	2.472	2.472	3.558	3.018	2.202	0.67						392	2.472
393	2.694	2.694	3.689	3.187	1.968	0.787						393	2.694
394	2.655	2.655	3.661	3.151	2.362	1.167						394	2.655
395	2.652	2.652	3.68	3.139	2.107	0.672						395	2.652
396	2.575	2.575	3.563	3.032	2.052	0.583						396	2.575
397	2.34	2.34	3.43	2.849	2.398	1.172						397	2.34
398	2.341	2.341	3.439	2.875	2.146	0.76						398	2.341
399	2.417	2.417	3.43	2.895	1.916	0.79						399	2.417
400	2.429	2.429	3.469	2.93	2.189	0.681						400	2.429
401	2.66	2.66	3.603	3.096	2.447	0.649						401	2.66
402	2.609	2.609	3.551	3.052	1.814	0.5						402	2.609
403	2.521	2.521	3.455	2.971	1.943	0.508						403	2.521
404	2.559	2.559	3.559	3.045	2.018	0.848						404	2.559
405	2.48	2.48	3.553	3.02	1.928	0.67						405	2.48
406	2.797	2.797	3.812	3.31	2.11	0.787						406	2.797
407	2.69	2.69	3.622	3.155	1.998	0.619						407	2.69
408	2.95	2.95	3.903	3.425	2.189	0.635						408	2.95
409	2.912	2.912	3.896	3.399	2.635	0.99						409	2.912
410	2.84	2.84	3.778	3.309	2.257	0.874						410	2.84
411	2.817	2.817	3.778	3.295	2.204	0.614						411	2.817
412	2.849	2.849	3.847	3.344	1.957	0.505						412	2.849
413	2.743	2.743	3.704	3.216	1.919	0.457						413	2.743
414	2.407	2.407	3.503	2.949	1.901	0.43						414	2.407
415	2.622	2.622	3.662	3.152	2.103	0.525						415	2.622
416	2.84	2.84	3.82	3.32	1.922	0.85						416	2.84
417	2.464	2.464	3.546	2.998	1.919	0.524						417	2.464
418	3.013	3.013	3.921	3.462	2.155	0.717						418	3.013
419	2.779	2.779	3.756	3.267	2.123	0.667						419	2.779
420	2.939	2.939	3.903	3.415	2.254	0.863						420	2.939
421	2.816	2.816	3.762	3.269	1.965	0.625						421	2.816
422	2.885	2.885	3.824	3.343	2.071	1.369						422	2.885
423	2.974	2.974	3.928	3.442	2.101	0.608						423	2.974
424	3.034	3.034	3.956	3.474	2.208	0.693						424	3.034
425	2.73	2.73	3.701	3.198	1.864	0.628						425	2.73
426	2.723	2.723	3.65	3.163	1.74	0.666						426	2.723
427	2.793	2.793	3.713	3.235	1.828	0.896						427	2.793
428	2.729	2.729	3.701	3.194	2.147	0.772						428	2.729
429	2.679	2.679	3.661	3.145	1.879	0.748						429	2.679
430	2.849	2.849	3.766	3.283	1.881	0.789						430	2.849
431	3.128	3.128	3.978	3.54	2.249	0.717						431	3.128
432	3.131	3.131	3.957	3.527	1.879	0.749						432	3.131
433	2.987	2.987	3.961	3.463	1.828	0.799						433	2.987
434	2.819	2.819	3.766	3.273	1.972	0.761						434	2.819
435	2.905	2.905	3.841	3.358	2.471	0.847						435	2.905
436	2.782	2.782	3.806	3.271	2.216	0.811						436	2.782
437	3.077	3.077	4.054	3.546	1.79	0.628						437	3.077
438	2.779	2.779	3.846	3.298	2.034	0.945						438	2.779
439	3.23	3.23	4.125	3.665	2.198	0.786						439	3.23
440	3.058	3.058	4.042	3.547	2.09	0.713						440	3.058
441	3.199	3.199	4.152	3.669	2.105	0.725						441	3.199
442	3.117	3.117	4.063	3.568	2.226	1.063						442	3.117
443	3.06	3.06	3.979	3.496	1.963	0.73						443	3.06
444	2.86	2.86	3.872	3.35	2.133	0.767						444	2.86
445	2.91	2.91	3.917	3.4	2.132	0.706						445	2.91
446	3	3	3.959	3.465	1.864	0.753						446	3
447	2.992	2.992	3.98	3.47	2.025	0.76						447	2.992
448	2.896	2.896	3.927	3.408	1.837	0.577						448	2.896
449	2.845	2.845	3.811	3.315	1.658	0.604						449	2.845
450	3.186	3.186	4.066	3.606	1.992	0.693						450	3.186
451	3.126	3.126	4.006	3.544	2.154	0.857						451	3.126
452	2.905	2.905	3.949	3.41	1.873	0.71						452	2.905
453	2.807	2.807	3.882	3.333	1.512	0.434						453	2.807
454	2.78	2.78	3.863	3.31	1.914	0.541						454	2.78
455	2.943	2.943	3.941	3.428	2.018	0.688						455	2.943
456	2.912	2.912	3.957	3.437	2.032	0.72						456	2.912
457	2.879	2.879	3.993	3.432	2.041	0.667						457	2.879
458	2.876	2.876	3.891	3.349	1.82	0.644						458	2.876
459	2.794	2.794	3.775	3.274	2.222	0.708						459	2.794
460	2.981	2.981	3.914	3.419	2.011	0.862						460	2.981
461	2.803	2.803	3.773	3.274	1.885	0.768						461	2.803
462	3.342	3.342	4.26	3.781	2.191	0.836						462	3.342
463	3.08	3.08	3.995	3.502	2.24	0.835						463	3.08
464	2.82	2.82	3.796	3.268	2.092	0.781						464	2.82
465	3.008	3.008	3.921	3.434	2.13	0.833						465	3.008
466	2.744	2.744	3.725	3.2	1.961	0.84						466	2.744
467	2.817	2.817	3.75	3.238	2.136	0.764						467	2.817
468	2.931	2.931	3.896	3.368	2.11	0.724						468	2.931
469	2.795	2.795	3.773	3.252	1.9	0.586						469	2.795
470	2.839	2.839	3.829	3.302	2.235	0.788						470	2.839
471	2.814	2.814	3.818	3.288	2.15	0.876						471	2.814
472	2.538	2.538	3.593	3.045	2.274	0.751						472	2.538
473	2.9	2.9	3.854	3.36	2.206	0.861						473	2.9
474	2.556	2.556	3.581	3.036	2.38	0.717						474	2.556
475	2.509	2.509	3.613	3.059	2.111	0.763						475	2.509
476	2.558	2.558	3.641	3.077	2.038	0.932						476	2.558
477	2.578	2.578	3.659	3.101	2.036	0.766						477	2.578
478	2.62	2.62	3.733	3.156	2.095	0.792						478	2.62
479	2.87	2.87	3.899	3.38	2.119	0.762						479	2.87
480	2.88	2.88	3.873	3.364	1.84	0.716						480	2.88
481	2.783	2.783	3.821	3.283	2.137	0.655						481	2.783
482	2.718	2.718	3.738	3.198	2.304	0.772						482	2.718
483	2.635	2.635	3.682	3.148	2.091	0.708						483	2.635
484	2.647	2.647	3.687	3.142	2.202	0.71						484	2.647
485	2.835	2.835	3.798	3.287	2.084	0.892						485	2.835
486	3.014	3.014	3.963	3.459	2.043	0.678						486	3.014
487	3.05	3.05	4.036	3.505	2.326	0.577						487	3.05
488	2.849	2.849	3.826	3.299	2.176	0.78						488	2.849
489	2.855	2.855	3.814	3.305	2.319	0.986						489	2.855
490	2.678	2.678	3.683	3.149	1.998	0.695						490	2.678
491	2.72	2.72	3.735	3.192	2.051	0.703						491	2.72
492	2.709	2.709	3.705	3.175	1.936	0.835						492	2.709
493	2.531	2.531	3.511	2.976	1.643	0.572						493	2.531
494	2.407	2.407	3.485	2.917	2.093	0.684						494	2.407
495	2.433	2.433	3.518	2.948	2.087	0.812						495	2.433
496	2.454	2.454	3.485	2.94	2.089	0.746						496	2.454
497	2.502	2.502	3.531	2.993	1.826	0.706						497	2.502
498	2.386	2.386	3.472	2.913	1.847	0.827						498	2.386
499	2.502	2.502	3.476	2.963	1.9	0.667						499	2.502
500	2.529	2.529	3.544	3.014	1.813	0.797						500	2.529
501	2.311	2.311	3.378	2.816	2.059	0.763						501	2.311
502	2.538	2.538	3.505	2.981	2.152	0.741						502	2.538
503	2.481	2.481	3.522	2.96	1.862	0.746						503	2.481
504	2.594	2.594	3.614	3.07	2.249	0.82						504	2.594
505	2.609	2.609	3.583	3.056	1.913	0.652						505	2.609
506	2.541	2.541	3.579	3.026	2.096	0.805						506	2.541
507	2.474	2.474	3.556	2.99	1.971	0.613						507	2.474
508	2.741	2.741	3.682	3.173	2.069	0.706						508	2.741
509	2.594	2.594	3.621	3.093	2.241	0.613						509	2.594
510	2.815	2.815	3.776	3.264	2.027	0.676						510	2.815
511	2.341	2.341	3.463	2.862	1.839	1.263						511	2.341
512	2.518	2.518	3.539	2.998	2.19	1.294						512	2.518
513	2.49	2.49	3.487	2.968	2.356	1.241						513	2.49
514	2.429	2.429	3.476	2.928	1.643	1.226						514	2.429
515	2.846	2.846	3.826	3.308	2.368	1.277						515	2.846
516	2.573	2.573	3.595	3.046	2.237	1.369						516	2.573
517	2.609	2.609	3.65	3.094	2.229	1.246						517	2.609
518	2.525	2.525	3.583	3.02	1.972	1.235						518	2.525
519	2.612	2.612	3.648	3.097	2.299	1.277						519	2.612
520	2.595	2.595	3.675	3.104	1.939	1.267						520	2.595
521	2.57	2.57	3.656	3.09	2.119	1.271						521	2.57
522	2.776	2.776	3.749	3.233	2.335	1.201						522	2.776
523	2.476	2.476	3.581	2.999	2.306	0.799						523	2.476
524	2.591	2.591	3.636	3.077	2.148	0.951						524	2.591
525	2.428	2.428	3.552	2.947	2.195	0.772						525	2.428
526	2.975	2.975	3.937	3.423	1.836	0.379						526	2.975
527	2.652	2.652	3.758	3.169	2.053	0.671						527	2.652
528	2.649	2.649	3.699	3.145	2.12	0.832						528	2.649
529	2.755	2.755	3.809	3.245	2.252	0.847						529	2.755
530	2.731	2.731	3.76	3.233	1.648	0.428						530	2.731
531	3.161	3.161	4.077	3.59	1.817	0.542						531	3.161
532	2.805	2.805	3.892	3.312	2.13	0.641						532	2.805
533	2.89	2.89	3.867	3.338	2.072	0.685						533	2.89
534	2.762	2.762	3.807	3.262	1.797	0.158						534	2.762
535	2.559	2.559	3.638	3.069	2.052	0.615						535	2.559
536	2.606	2.606	3.65	3.106	2.618	1.183						536	2.606
537	2.738	2.738	3.783	3.253	2.006	0.84						537	2.738
538	2.418	2.418	3.565	2.989	2.208	0.445						538	2.418
539	2.657	2.657	3.696	3.171	2.049	0.54						539	2.657
540	2.609	2.609	3.7	3.145	1.976	0.785						540	2.609
541	2.512	2.512	3.626	3.052	1.984	0.384						541	2.512
542	2.537	2.537	3.603	3.051	2.229	0.786						542	2.537
543	2.438	2.438	3.549	2.968	2.173	0.494						543	2.438
544	2.341	2.341	3.518	2.921	1.794	0.332						544	2.341
545	2.542	2.542	3.682	3.102	1.912	0.619						545	2.542
546	2.464	2.464	3.583	3.002	2.001	0.447						546	2.464
547	2.43	2.43	3.605	3.008	2.173	0.515						547	2.43
548	2.59	2.59	3.794	3.194	1.525	0.243						548	2.59
549	2.348	2.348	3.564	2.954	1.426	0.229						549	2.348
550	2.483	2.483	3.643	3.045	1.827	0.55						550	2.483
551	2.693	2.693	3.783	3.224	2.174	0.377						551	2.693
552	2.499	2.499	3.637	3.054	0.808	0.209						552	2.499
553	2.511	2.511	3.602	3.032	1.619	0.192						553	2.511
554	2.457	2.457	3.582	3.001	1.639	0.388						554	2.457
555	2.489	2.489	3.592	3.009	1.78	0.641						555	2.489
556	2.395	2.395	3.507	2.917	0.948	0.263						556	2.395
557	2.373	2.373	3.511	2.912	0.77	0.256						557	2.373
558	2.235	2.235	3.387	2.79	1.121	0.343						558	2.235
559	2.342	2.342	3.54	2.902	1.184	0.229						559	2.342
560	2.481	2.481	3.609	3.033	2.207	0.842						560	2.481
561	2.472	2.472	3.575	2.992	1.645	0.797						561	2.472
562	2.728	2.728	3.807	3.245	1.978	0.973						562	2.728
563	2.312	2.312	3.53	2.906	2.016	0.56						563	2.312
564	2.439	2.439	3.554	2.971	1.624	0.635						564	2.439
565	2.539	2.539	3.623	3.058	1.847	0.644						565	2.539
566	2.562	2.562	3.652	3.082	1.978	0.727						566	2.562
567	2.565	2.565	3.622	3.056	1.638	0.376						567	2.565
568	2.457	2.457	3.564	2.988	1.791	0.397						568	2.457
569	2.709	2.709	3.743	3.182	1.31	0.337						569	2.709
570	2.708	2.708	3.753	3.179	1.928	0.351						570	2.708
571	2.654	2.654	3.698	3.135	1.529	0.245						571	2.654
572	2.544	2.544	3.604	3.03	1.796	0.625						572	2.544
573	2.393	2.393	3.498	2.912	1.662	0.4						573	2.393
574	2.656	2.656	3.695	3.136	2.051	0.449						574	2.656
575	2.505	2.505	3.596	3.008	1.439	0.377						575	2.505
576	2.493	2.493	3.545	2.985	1.275	0.299						576	2.493
577	2.477	2.477	3.618	3.03	1.489	0.301						577	2.477
578	2.657	2.657	3.7	3.159	1.483	0.253						578	2.657
579	2.649	2.649	3.693	3.154	0.548	0.312						579	2.649
580	2.401	2.401	3.53	2.936	1.873	0.363						580	2.401
581	2.676	2.676	3.711	3.159	1.369	0.352						581	2.676
582	2.497	2.497	3.582	3.014	1.474	0.441						582	2.497
583	2.633	2.633	3.636	3.099	0.829	0.219						583	2.633
584	2.603	2.603	3.62	3.059	1.344	0.495						584	2.603
585	2.679	2.679	3.669	3.122	2.068	0.583						585	2.679
586	2.634	2.634	3.64	3.098	2.598	0.598						586	2.634
587	2.401	2.401	3.47	2.885	2.135	0.539						587	2.401
588	2.475	2.475	3.522	2.957	2.438	0.691						588	2.475
589	2.628	2.628	3.631	3.085	2.302	0.736						589	2.628
590	2.531	2.531	3.563	3.015	1.695	0.285						590	2.531
591	2.783	2.783	3.821	3.275	0.722	0.239						591	2.783
592	2.45	2.45	3.579	2.986	1.5	0.275						592	2.45
593	2.573	2.573	3.646	3.075	1.913	0.425						593	2.573
594	2.637	2.637	3.627	3.08	2.232	0.577						594	2.637
595	2.641	2.641	3.666	3.103	1.661	0.433						595	2.641
596	2.389	2.389	3.513	2.917	1.126	0.327						596	2.389
597	2.575	2.575	3.643	3.067	1.293	0.361						597	2.575
598	2.494	2.494	3.543	2.964	1.982	0.741						598	2.494
599	2.61	2.61	3.622	3.072	1.781	0.666						599	2.61
600	2.589	2.589	3.647	3.082	2.368	1.169						600	2.589
601	2.56	2.56	3.607	3.046	1.67	0.547						601	2.56
602	2.442	2.442	3.505	2.928	2.079	0.63						602	2.442
603	2.585	2.585	3.616	3.064	1.994	0.656						603	2.585
604	2.421	2.421	3.505	2.944	1.849	0.538						604	2.421
605	2.596	2.596	3.638	3.088	1.684	0.425						605	2.596
606	2.775	2.775	3.7	3.187	1.635	0.281						606	2.775
607	2.776	2.776	3.721	3.211	1.515	0.431						607	2.776
608	2.683	2.683	3.66	3.129	1.736	0.477						608	2.683
609	2.61	2.61	3.58	3.049	2.089	0.475						609	2.61
610	2.69	2.69	3.69	3.158	1.967	0.762						610	2.69
611	2.558	2.558	3.579	3.039	1.863	0.48						611	2.558
612	2.729	2.729	3.709	3.192	2.129	0.572						612	2.729
613	2.707	2.707	3.662	3.136	1.06	0.357						613	2.707
614	2.904	2.904	3.875	3.346	1.361	0.394						614	2.904
615	2.762	2.762	3.755	3.215	1.573	0.278						615	2.762
616	2.725	2.725	3.739	3.205	1.824	0.325						616	2.725
617	2.539	2.539	3.608	3.06	1.628	0.359						617	2.539
618	2.78	2.78	3.72	3.235	1.507	0.423						618	2.78
619	2.741	2.741	3.67	3.171	1.662	0.28						619	2.741
620	2.523	2.523	3.576	3.024	1.619	0.645						620	2.523
621	2.338	2.338	3.48	2.881	0.302	0.187						621	2.338
622	2.417	2.417	3.516	2.939	1.114	0.311						622	2.417
623	2.248	2.248	3.368	2.773	1.481	0.498						623	2.248
624	2.323	2.323	3.412	2.832	1.453	0.206						624	2.323
625	2.486	2.486	3.561	2.988	1.551	0.319						625	2.486
626	2.324	2.324	3.477	2.876	2.399	1.087						626	2.324
627	2.389	2.389	3.501	2.905	1.84	0.52						627	2.389
628	2.55	2.55	3.625	3.059	1.931	0.485						628	2.55
629	2.456	2.456	3.605	3.003	2.076	0.393						629	2.456
630	2.399	2.399	3.477	2.91	2.29	0.586						630	2.399
631	2.398	2.398	3.588	2.967	1.435	0.423						631	2.398
632	2.469	2.469	3.597	3.002	1.286	0.535						632	2.469
633	2.541	2.541	3.59	3.027	1.057	0.3						633	2.541
634	2.398	2.398	3.513	2.926	1.484	0.295						634	2.398
635	2.315	2.315	3.479	2.859	0.824	0.29						635	2.315
636	2.454	2.454	3.602	3.012	1.37	0.347						636	2.454
637	2.331	2.331	3.497	2.894	1.154	0.191						637	2.331
638	2.399	2.399	3.55	2.948	1.254	0.344						638	2.399
639	2.51	2.51	3.569	2.996	1.141	0.462						639	2.51
640	2.405	2.405	3.536	2.952	1.467	0.302						640	2.405
641	2.66	2.66	3.775	3.192	1.289	0.496						641	2.66
642	2.486	2.486	3.541	2.987	1.963	1.257						642	2.486
643	2.568	2.568	3.564	3.046	2.091	1.27						643	2.568
644	2.688	2.688	3.75	3.195	2.146	1.25						644	2.688
645	2.694	2.694	3.729	3.181	2.463	1.245						645	2.694
646	2.539	2.539	3.655	3.071	1.612	1.31						646	2.539
647	2.644	2.644	3.68	3.136	1.693	1.31						647	2.644
648	2.612	2.612	3.684	3.116	1.933	1.395						648	2.612
649	2.373	2.373	3.499	2.914	1.696	1.416						649	2.373
650	2.48	2.48	3.534	2.964	1.623	1.472						650	2.48
651	2.45	2.45	3.471	2.92	1.845	1.446						651	2.45
652	2.388	2.388	3.45	2.876	1.859	1.447						652	2.388
653	2.406	2.406	3.465	2.898	1.893	1.356						653	2.406
654	2.315	2.315	3.434	2.84	1.786	1.431						654	2.315
655	2.564	2.564	3.548	3.014	2.184	1.395						655	2.564
656	2.397	2.397	3.462	2.888	1.719	1.449						656	2.397
657	2.505	2.505	3.593	3.017	1.654	1.379						657	2.505
658	2.453	2.453	3.526	2.95	1.644	1.396						658	2.453
659	2.372	2.372	3.494	2.909	1.75	1.358						659	2.372
660	2.424	2.424	3.545	2.964	1.561	0.826						660	2.424
661	2.455	2.455	3.543	2.959	1.669	1.483						661	2.455
662	2.376	2.376	3.48	2.884	2.051	1.455						662	2.376
663	2.601	2.601	3.684	3.124	1.964	1.341						663	2.601
664	2.541	2.541	3.639	3.059	1.982	1.398						664	2.541
665	2.654	2.654	3.705	3.141	1.883	1.368						665	2.654
666	2.494	2.494	3.583	3.006	2.078	1.416						666	2.494
667	2.475	2.475	3.635	3.034	1.711	1.306						667	2.475
668	2.84	2.84	3.785	3.264	1.95	1.439						668	2.84
669	2.449	2.449	3.557	2.97	2.06	1.358						669	2.449
670	2.629	2.629	3.723	3.13	2.039	1.42						670	2.629
671	2.637	2.637	3.696	3.127	2.193	1.446						671	2.637
672	2.588	2.588	3.727	3.119	2.114	1.387						672	2.588
673	2.417	2.417	3.618	2.982	2.028	1.31						673	2.417
674	2.392	2.392	3.546	2.934	1.949	1.382						674	2.392
675	2.478	2.478	3.684	3.05	2.224	1.467						675	2.478
676	2.423	2.423	3.561	2.952	2.157	1.419						676	2.423
677	2.502	2.502	3.598	3	2.464	1.43						677	2.502
678	2.441	2.441	3.622	3.009	1.819	1.41						678	2.441
679	2.511	2.511	3.632	3.03	2.019	1.46						679	2.511
680	2.568	2.568	3.695	3.082	2.477	1.388						680	2.568
681	2.634	2.634	3.686	3.098	2.297	1.424						681	2.634
682	2.521	2.521	3.622	3.025	2.173	1.424						682	2.521
683	2.593	2.593	3.698	3.102	2.225	1.425						683	2.593
684	2.444	2.444	3.551	2.945	2.143	1.345						684	2.444
685	2.669	2.669	3.734	3.149	2.129	1.346						685	2.669
686	2.702	2.702	3.785	3.195	1.859	1.346						686	2.702
687	2.697	2.697	3.772	3.184	2.293	1.463						687	2.697
688	2.558	2.558	3.63	3.031	1.973	1.36						688	2.558
689	2.604	2.604	3.685	3.073	2.263	1.383						689	2.604
690	2.306	2.306	3.503	2.85	1.98	1.432						690	2.306
691	2.289	2.289	3.53	2.863	1.826	1.473						691	2.289
692	2.487	2.487	3.677	3.054	1.951	1.44						692	2.487
693	2.43	2.43	3.6	2.961	1.904	1.462						693	2.43
694	2.604	2.604	3.684	3.092	2.261	1.433						694	2.604
695	2.396	2.396	3.539	2.936	1.837	1.429						695	2.396
696	2.313	2.313	3.442	2.855	1.901	1.487						696	2.313
697	2.614	2.614	3.736	3.142	2.237	1.356						697	2.614
698	2.572	2.572	3.629	3.074	2.064	1.445						698	2.572
699	2.368	2.368	3.497	2.911	1.935	1.431						699	2.368
700	2.327	2.327	3.553	2.93	1.894	1.407						700	2.327
701	2.462	2.462	3.605	3.017	1.969	1.458						701	2.462
702	2.284	2.284	3.467	2.84	1.984	1.464						702	2.284
703	2.424	2.424	3.524	2.935	1.898	1.465						703	2.424
704	2.419	2.419	3.541	2.945	1.95	1.369						704	2.419
705	2.331	2.331	3.461	2.874	2.217	1.403						705	2.331
706	2.236	2.236	3.406	2.809	2.141	1.45						706	2.236
707	2.379	2.379	3.451	2.874	1.894	1.426						707	2.379
708	2.439	2.439	3.479	2.928	2.396	1.41						708	2.439
709	2.327	2.327	3.418	2.841	1.974	1.444						709	2.327
710	2.364	2.364	3.465	2.879	1.87	1.327						710	2.364
711	2.361	2.361	3.534	2.922	2.17	1.245						711	2.361
712	2.402	2.402	3.535	2.935	2.238	1.183						712	2.402
713	2.391	2.391	3.498	2.918	1.42	0.284						713	2.391
714	2.418	2.418	3.499	2.932	1.209	0.339						714	2.418
715	2.524	2.524	3.574	3.009	1.084	0.303						715	2.524
716	2.369	2.369	3.483	2.904	1.504	0.514						716	2.369
717	2.356	2.356	3.511	2.888	0.834	0.318						717	2.356
718	2.312	2.312	3.469	2.868	0.87	0.247						718	2.312
719	2.34	2.34	3.52	2.912	1.048	0.254						719	2.34
720	2.451	2.451	3.618	3.02	1.299	0.168						720	2.451
721	2.378	2.378	3.567	2.956	1.122	0.3						721	2.378
722	2.457	2.457	3.633	3.037	1.575	0.353						722	2.457
723	2.615	2.615	3.75	3.192	1.429	0.292						723	2.615
724	2.612	2.612	3.79	3.21	1.269	0.26						724	2.612
725	2.582	2.582	3.712	3.156	0.762	0.161						725	2.582
726	2.597	2.597	3.713	3.15	1.68	0.467						726	2.597
727	2.484	2.484	3.655	3.074	1.702	0.491						727	2.484
728	2.548	2.548	3.68	3.096	1.921	0.509						728	2.548
729	2.433	2.433	3.588	2.992	1.548	0.356						729	2.433
730	2.364	2.364	3.611	2.984	1.531	0.387						730	2.364
731	2.334	2.334	3.517	2.9	1.171	0.317						731	2.334
732	2.602	2.602	3.797	3.174	1.64	0.289						732	2.602
733	2.564	2.564	3.771	3.151	1.336	0.484						733	2.564
734	2.499	2.499	3.627	3.035	1.498	0.227						734	2.499
735	2.444	2.444	3.522	2.944	1.59	0.454						735	2.444
736	2.273	2.273	3.432	2.833	1.459	0.389						736	2.273
737	2.337	2.337	3.439	2.864	1.571	0.526						737	2.337
738	2.611	2.611	3.618	3.068	1.614	0.347						738	2.611
739	2.419	2.419	3.482	2.913	1.41	0.569						739	2.419
740	2.226	2.226	3.365	2.754	1.452	0.522						740	2.226
741	2.296	2.296	3.499	2.899	1.603	0.515						741	2.296
742	2.323	2.323	3.466	2.877	1.249	0.364						742	2.323
743	2.397	2.397	3.531	2.923	1.568	0.241						743	2.397
744	2.449	2.449	3.594	2.995	1.666	0.215						744	2.449
745	2.517	2.517	3.568	2.995	1.543	0.448						745	2.517
746	2.391	2.391	3.481	2.91	1.569	0.438						746	2.391
747	2.437	2.437	3.553	2.945	1.567	0.539						747	2.437
748	2.472	2.472	3.608	3.01	1.209	0.615						748	2.472
749	2.47	2.47	3.589	3.007	1.887	0.484						749	2.47
750	2.407	2.407	3.498	2.93	1.589	0.443						750	2.407
751	2.338	2.338	3.504	2.916	1.397	0.563						751	2.338
752	2.3	2.3	3.413	2.834	1.244	0.459						752	2.3
753	2.285	2.285	3.417	2.825	1.562	0.389						753	2.285
754	2.438	2.438	3.54	2.946	1.671	0.323						754	2.438
755	2.539	2.539	3.582	3.038	1.835	0.416						755	2.539
756	2.469	2.469	3.563	3.003	1.816	0.614						756	2.469
757	2.185	2.185	3.374	2.774	1.433	0.491						757	2.185
758	2.436	2.436	3.547	2.979	1.236	0.576						758	2.436
759	2.703	2.703	3.761	3.225	1.708	0.408						759	2.703
760	2.43	2.43	3.621	3.018	1.476	0.598						760	2.43
761	2.412	2.412	3.584	2.98	1.866	0.435						761	2.412
762	2.398	2.398	3.591	2.994	1.613	0.512						762	2.398
763	2.169	2.169	3.339	2.738	1.799	0.447						763	2.169
764	2.384	2.384	3.556	2.977	1.716	0.48						764	2.384
765	2.382	2.382	3.518	2.919	1.602	0.414						765	2.382
766	2.548	2.548	3.599	3.03	1.507	0.519						766	2.548
767	2.444	2.444	3.555	2.987	1.671	0.412						767	2.444
768	2.551	2.551	3.642	3.068	1.796	0.478						768	2.551
769	2.466	2.466	3.568	2.995	1.55	0.38						769	2.466
770	2.436	2.436	3.483	2.935	1.662	0.404						770	2.436
771	2.267	2.267	3.451	2.847	1.392	0.488						771	2.267
772	2.44	2.44	3.532	2.973	1.252	0.374						772	2.44
773	2.521	2.521	3.547	3	1.496	0.47						773	2.521
774	2.371	2.371	3.461	2.904	1.387	0.357						774	2.371
775	2.615	2.615	3.662	3.11	1.651	0.484						775	2.615
776	2.418	2.418	3.525	2.952	1.211	0.491						776	2.418
777	2.363	2.363	3.45	2.885	1.675	0.435						777	2.363
778	2.663	2.663	3.707	3.169	1.639	0.548						778	2.663
779	2.54	2.54	3.591	3.048	1.407	0.49						779	2.54
780	2.483	2.483	3.612	3.037	1.69	0.48						780	2.483
781	2.681	2.681	3.731	3.179	1.682	0.571						781	2.681
782	2.586	2.586	3.721	3.132	1.553	0.361						782	2.586
783	2.59	2.59	3.683	3.115	1.7	0.487						783	2.59
784	2.811	2.811	3.87	3.331	2.014	0.569						784	2.811
785	2.424	2.424	3.568	2.973	1.607	0.418						785	2.424
786	2.628	2.628	3.745	3.165	1.612	0.442						786	2.628
787	2.55	2.55	3.717	3.127	1.931	0.489						787	2.55
788	2.65	2.65	3.685	3.148	1.68	0.463						788	2.65
789	2.568	2.568	3.691	3.112	1.642	0.409						789	2.568
790	2.637	2.637	3.713	3.145	1.503	0.495						790	2.637
791	2.366	2.366	3.564	2.936	1.855	0.365						791	2.366
792	2.746	2.746	3.814	3.249	1.864	0.331						792	2.746
793	2.605	2.605	3.725	3.161	1.619	0.472						793	2.605
794	2.829	2.829	3.834	3.31	1.677	0.501						794	2.829
795	2.642	2.642	3.668	3.131	1.44	0.27						795	2.642
796	2.518	2.518	3.603	3.043	1.586	0.361						796	2.518
797	2.593	2.593	3.662	3.104	1.626	0.35						797	2.593
798	2.549	2.549	3.681	3.089	1.8	0.479						798	2.549
799	2.721	2.721	3.781	3.226	1.572	0.495						799	2.721
800	2.432	2.432	3.533	2.953	1.676	0.364						800	2.432
801	2.575	2.575	3.65	3.074	1.794	0.473						801	2.575
802	2.633	2.633	3.667	3.105	1.775	0.555						802	2.633
803	2.728	2.728	3.774	3.221	1.575	0.34						803	2.728
804	2.818	2.818	3.834	3.289	1.61	0.38						804	2.818
805	2.541	2.541	3.636	3.059	1.685	0.373						805	2.541
806	2.558	2.558	3.675	3.093	1.821	0.41						806	2.558
807	2.625	2.625	3.625	3.091	1.803	0.574						807	2.625
808	2.669	2.669	3.71	3.167	1.464	0.541						808	2.669
809	2.607	2.607	3.633	3.099	1.776	0.407						809	2.607
810	2.406	2.406	3.511	2.93	1.657	0.564						810	2.406
811	2.465	2.465	3.556	2.997	2.008	0.371						811	2.465
812	2.46	2.46	3.585	3.026	1.89	0.552						812	2.46
813	2.653	2.653	3.68	3.153	1.508	0.49						813	2.653
814	2.598	2.598	3.647	3.126	1.454	0.349						814	2.598
815	2.326	2.326	3.515	2.921	1.566	0.603						815	2.326
816	2.335	2.335	3.493	2.916	1.665	0.538						816	2.335
817	2.506	2.506	3.655	3.086	1.592	0.532						817	2.506
818	2.564	2.564	3.664	3.093	1.635	0.589						818	2.564
819	2.361	2.361	3.506	2.923	1.671	0.451						819	2.361
820	2.508	2.508	3.578	3.019	1.818	0.355						820	2.508
821	2.426	2.426	3.537	2.958	1.769	0.397						821	2.426
822	2.597	2.597	3.688	3.116	1.647	0.597						822	2.597
823	2.537	2.537	3.633	3.066	1.651	0.382						823	2.537
824	2.73	2.73	3.772	3.236	1.623	0.378						824	2.73
825	2.691	2.691	3.743	3.208	1.877	0.437						825	2.691
826	2.771	2.771	3.772	3.251	1.702	0.439						826	2.771
827	2.644	2.644	3.726	3.176	1.73	0.583						827	2.644
828	2.794	2.794	3.811	3.289	2.005	0.401						828	2.794
829	2.625	2.625	3.692	3.137	1.568	0.418						829	2.625
830	2.765	2.765	3.783	3.259	1.824	0.495						830	2.765
831	2.669	2.669	3.773	3.196	1.495	0.347						831	2.669
832	2.581	2.581	3.664	3.106	1.692	0.538						832	2.581
833	2.78	2.78	3.805	3.266	2.007	0.526						833	2.78
834	2.978	2.978	3.919	3.427	1.619	0.417						834	2.978
835	2.809	2.809	3.811	3.302	1.822	0.451						835	2.809
836	2.765	2.765	3.848	3.291	1.91	0.429						836	2.765
837	2.743	2.743	3.814	3.261	1.813	0.4						837	2.743
838	2.479	2.479	3.563	3.011	1.782	0.474						838	2.479
839	2.587	2.587	3.661	3.12	1.571	0.508						839	2.587
840	2.39	2.39	3.573	2.99	1.551	0.417						840	2.39
841	2.314	2.314	3.486	2.918	1.629	0.47						841	2.314
842	2.383	2.383	3.469	2.916	1.786	0.446						842	2.383
843	2.318	2.318	3.409	2.847	1.748	0.552						843	2.318
844	2.413	2.413	3.517	2.944	1.572	0.524						844	2.413
845	2.389	2.389	3.386	2.873	1.814	0.428						845	2.389
846	2.475	2.475	3.485	2.959	1.397	0.536						846	2.475
847	2.539	2.539	3.537	3.028	1.675	0.462						847	2.539
848	2.478	2.478	3.559	2.998	1.89	0.544						848	2.478
849	2.748	2.748	3.745	3.22	1.79	0.547						849	2.748
850	2.477	2.477	3.501	2.963	1.767	0.33						850	2.477
851	2.7	2.7	3.661	3.165	1.647	0.462						851	2.7
852	2.36	2.36	3.434	2.887	1.318	0.483						852	2.36
853	2.244	2.244	3.348	2.782	1.915	0.428						853	2.244
854	2.258	2.258	3.382	2.811	1.552	0.4						854	2.258
855	2.345	2.345	3.454	2.895	1.684	0.525						855	2.345
856	2.575	2.575	3.589	3.069	1.503	0.452						856	2.575
857	2.469	2.469	3.567	3.012	1.56	0.433						857	2.469
858	2.346	2.346	3.494	2.916	1.599	0.296						858	2.346
859	2.32	2.32	3.423	2.868	1.586	0.615						859	2.32
860	2.473	2.473	3.508	2.986	1.668	0.628						860	2.473
861	2.845	2.845	3.824	3.34	1.623	0.367						861	2.845
862	2.653	2.653	3.708	3.176	1.739	0.62						862	2.653
863	2.473	2.473	3.602	3.056	1.714	0.581						863	2.473
864	2.402	2.402	3.523	2.97	1.844	0.529						864	2.402
865	2.575	2.575	3.659	3.116	1.731	0.475						865	2.575
866	2.533	2.533	3.56	3.051	1.514	0.365						866	2.533
867	2.556	2.556	3.627	3.101	1.999	0.394						867	2.556
868	2.75	2.75	3.784	3.268	1.536	0.54						868	2.75
869	2.682	2.682	3.65	3.142	1.666	0.446						869	2.682
870	2.55	2.55	3.633	3.084	1.702	0.451						870	2.55
871	2.531	2.531	3.595	3.06	1.832	0.574						871	2.531
872	2.488	2.488	3.577	3.03	1.696	0.448						872	2.488
873	2.862	2.862	3.827	3.341	1.831	0.504						873	2.862
874	2.619	2.619	3.654	3.128	1.75	0.693						874	2.619
875	2.669	2.669	3.692	3.17	1.63	0.395						875	2.669
876	2.908	2.908	3.874	3.374	1.807	0.634						876	2.908
877	2.638	2.638	3.69	3.146	1.636	0.597						877	2.638
878	2.662	2.662	3.681	3.158	1.895	0.54						878	2.662
879	2.711	2.711	3.74	3.214	1.775	0.409						879	2.711
880	2.511	2.511	3.561	3.004	1.558	0.596						880	2.511
881	2.483	2.483	3.574	3.002	1.412	0.561						881	2.483
882	2.611	2.611	3.656	3.117	1.604	0.46						882	2.611
883	2.814	2.814	3.794	3.286	1.559	0.608						883	2.814
884	2.765	2.765	3.733	3.233	1.79	0.593						884	2.765
885	2.86	2.86	3.798	3.301	1.877	0.618						885	2.86
886	2.793	2.793	3.728	3.221	1.787	0.65						886	2.793
887	3.092	3.092	3.934	3.477	1.806	0.529						887	3.092
888	2.718	2.718	3.612	3.129	1.499	0.387						888	2.718
889	2.824	2.824	3.775	3.271	1.68	0.392						889	2.824
890	2.782	2.782	3.725	3.218	1.446	0.592						890	2.782
891	2.834	2.834	3.763	3.269	1.825	0.509						891	2.834
892	2.663	2.663	3.645	3.118	1.689	0.444						892	2.663
893	2.57	2.57	3.586	3.043	1.527	0.383						893	2.57
894	2.67	2.67	3.639	3.117	1.632	0.369						894	2.67
895	2.825	2.825	3.784	3.262	1.298	0.4						895	2.825
896	3.1	3.1	4.015	3.526	1.662	0.557						896	3.1
897	2.931	2.931	3.826	3.345	1.907	0.463						897	2.931
898	2.844	2.844	3.764	3.278	1.317	0.179						898	2.844
899	3.011	3.011	3.931	3.452	1.582	0.459						899	3.011
900	2.769	2.769	3.756	3.244	1.508	0.552						900	2.769
901	2.802	2.802	3.862	3.331	1.785	0.444						901	2.802
902	2.721	2.721	3.735	3.214	1.642	0.381						902	2.721
903	2.508	2.508	3.606	3.057	1.546	0.432						903	2.508
904	2.686	2.686	3.747	3.207	1.559	0.632						904	2.686
905	2.55	2.55	3.657	3.102	1.492	0.58						905	2.55
906	2.717	2.717	3.75	3.212	1.76	0.565						906	2.717
907	2.88	2.88	3.866	3.345	1.919	0.464						907	2.88
908	2.704	2.704	3.765	3.21	2.063	0.698						908	2.704
909	2.743	2.743	3.747	3.209	1.502	0.705						909	2.743
910	2.675	2.675	3.725	3.177	1.702	0.559						910	2.675
911	2.751	2.751	3.803	3.244	1.888	0.627						911	2.751
912	2.781	2.781	3.83	3.272	1.823	0.587						912	2.781
913	2.806	2.806	3.797	3.266	1.655	0.537						913	2.806
914	2.821	2.821	3.822	3.29	1.794	0.595						914	2.821
915	2.62	2.62	3.698	3.132	1.605	0.613						915	2.62
916	2.586	2.586	3.646	3.072	1.569	0.571						916	2.586
917	2.525	2.525	3.627	3.048	1.592	0.445						917	2.525
918	2.493	2.493	3.577	3.003	1.393	0.531						918	2.493
919	2.5	2.5	3.578	3.006	1.672	0.376						919	2.5
920	2.655	2.655	3.63	3.113	1.819	0.436						920	2.655
921	2.505	2.505	3.514	2.97	1.712	0.399						921	2.505
922	2.565	2.565	3.566	3.033	1.274	0.344						922	2.565
923	2.685	2.685	3.654	3.14	1.717	0.754						923	2.685
924	3.001	3.001	3.908	3.438	2.129	0.575						924	3.001
925	2.788	2.788	3.77	3.257	1.657	0.575						925	2.788
926	2.822	2.822	3.783	3.28	1.635	0.56						926	2.822
927	2.825	2.825	3.757	3.272	1.99	0.702						927	2.825
928	2.592	2.592	3.532	3.038	1.34	0.219						928	2.592
929	2.922	2.922	3.828	3.355	1.7	0.644						929	2.922
930	2.682	2.682	3.662	3.165	1.669	0.435						930	2.682
931	2.694	2.694	3.67	3.156	1.584	0.577						931	2.694
932	2.736	2.736	3.767	3.232	1.748	0.674						932	2.736
933	2.938	2.938	3.892	3.408	2.153	0.44						933	2.938
934	2.642	2.642	3.647	3.13	1.523	0.187						934	2.642
935	2.746	2.746	3.765	3.232	1.432	0.522						935	2.746
936	3.027	3.027	3.94	3.467	1.753	0.535						936	3.027
937	2.802	2.802	3.761	3.26	1.922	0.659						937	2.802
938	2.746	2.746	3.742	3.228	1.739	0.613						938	2.746
939	2.504	2.504	3.549	3.005	1.377	0.549						939	2.504
940	2.57	2.57	3.598	3.072	1.459	0.39						940	2.57
941	2.521	2.521	3.562	3.026	1.443	0.54						941	2.521
942	2.408	2.408	3.522	2.954	1.697	0.675						942	2.408
943	2.838	2.838	3.831	3.315	1.58	0.639						943	2.838
944	3.086	3.086	3.968	3.503	1.956	0.572						944	3.086
945	2.932	2.932	3.857	3.38	1.713	0.674						945	2.932
946	2.722	2.722	3.716	3.205	1.516	0.533						946	2.722
947	2.402	2.402	3.492	2.94	1.674	0.747						947	2.402
948	2.734	2.734	3.682	3.183	1.598	0.567						948	2.734
949	2.549	2.549	3.627	3.082	1.44	0.575						949	2.549
950	2.712	2.712	3.682	3.173	1.701	0.567						950	2.712
951	2.746	2.746	3.744	3.231	1.784	0.562						951	2.746
952	2.628	2.628	3.631	3.112	1.53	0.232						952	2.628
953	2.597	2.597	3.596	3.075	1.344	0.204						953	2.597
954	2.663	2.663	3.655	3.145	1.371	0.194						954	2.663
955	2.694	2.694	3.673	3.158	1.565	0.257						955	2.694
956	2.733	2.733	3.692	3.186	1.855	0.476						956	2.733
957	2.859	2.859	3.831	3.334	1.83	0.5						957	2.859
958	2.66	2.66	3.711	3.171	1.098	0.205						958	2.66
959	2.525	2.525	3.565	3.027	1.344	0.352						959	2.525
960	2.501	2.501	3.491	2.969	1.588	0.528						960	2.501
961	2.68	2.68	3.6	3.119	1.441	0.509						961	2.68
962	2.584	2.584	3.561	3.047	1.528	0.704						962	2.584
963	2.668	2.668	3.637	3.131	1.6	0.54						963	2.668
964	2.677	2.677	3.608	3.12	1.501	0.652						964	2.677
965	2.498	2.498	3.506	2.991	1.417	0.74						965	2.498
966	2.414	2.414	3.482	2.934	1.36	0.586						966	2.414
967	2.538	2.538	3.535	3.022	1.369	0.531						967	2.538
968	2.728	2.728	3.715	3.207	1.914	0.145						968	2.728
969	2.643	2.643	3.674	3.142	1.502	0.595						969	2.643
970	2.704	2.704	3.667	3.17	1.94	0.553						970	2.704
971	2.584	2.584	3.574	3.054	1.208	0.204						971	2.584
972	2.598	2.598	3.592	3.071	1.597	0.366						972	2.598
973	2.772	2.772	3.786	3.279	1.381	0.423						973	2.772
974	2.529	2.529	3.622	3.059	1.41	0.466						974	2.529
975	2.865	2.865	3.913	3.372	1.549	0.667						975	2.865
976	2.601	2.601	3.649	3.111	1.355	0.251						976	2.601
977	2.653	2.653	3.678	3.148	1.398	0.656						977	2.653
978	2.6	2.6	3.627	3.104	1.749	0.465						978	2.6
979	2.559	2.559	3.6	3.063	1.641	0.338						979	2.559
980	2.821	2.821	3.82	3.303	1.565	0.453						980	2.821
981	2.773	2.773	3.763	3.253	1.596	0.645						981	2.773
982	2.717	2.717	3.657	3.151	1.65	0.565						982	2.717
983	2.752	2.752	3.779	3.247	1.708	0.576						983	2.752
984	2.712	2.712	3.722	3.178	1.601	0.494						984	2.712
985	2.776	2.776	3.72	3.215	1.77	0.43						985	2.776
986	2.855	2.855	3.777	3.272	1.399	0.434						986	2.855
987	2.819	2.819	3.774	3.254	1.877	0.55						987	2.819
988	2.848	2.848	3.81	3.305	1.303	0.439						988	2.848
989	2.797	2.797	3.85	3.304	1.468	0.478						989	2.797
990	2.806	2.806	3.825	3.296	1.511	0.546						990	2.806
991	2.88	2.88	3.904	3.38	1.524	0.631						991	2.88
992	2.809	2.809	3.869	3.336	1.579	0.476						992	2.809
993	2.639	2.639	3.679	3.147	1.376	0.551						993	2.639
994	2.862	2.862	3.884	3.365	1.834	0.536						994	2.862
995	2.865	2.865	3.878	3.353	1.9	0.483						995	2.865
996	2.896	2.896	3.947	3.416	1.538	0.535						996	2.896
997	3.049	3.049	4.024	3.535	1.875	0.526						997	3.049
998	2.784	2.784	3.76	3.245	1.578	0.394						998	2.784
999	2.546	2.546	3.646	3.083	1.608	0.404						999	2.546
1000	2.679	2.679	3.679	3.157	1.681	0.514						1000	2.679
1001	2.691	2.691	3.694	3.176	1.725	0.487						1001	2.691
	2.186				1.469					1.186	1.469	1002	2.186
	2.286				1.183					1.286	0.183	1003	2.286
	2.2				1.316					1.2	1.316	1004	2.2
	2.381				1.197					1.381	1.197	1005	2.381
	2.522				1.53					1.522	1.53	1006	2.522
	2.461				1.145					1.461	1.145	1007	2.461
	2.724				1.056					1.724	1.056	1008	2.724
	2.746				1.198					1.746	1.198	1009	2.746
	2.624				1.163					1.624	1.163	1010	2.624
	2.786				1.718					1.786	1.718	1011	2.786
	2.43				1.807					1.43	1.807	1012	2.43
	2.566				1.189					1.566	1.189	1013	2.566
	2.584				1.373					1.584	1.373	1014	2.584
	2.425				1.691					1.425	1.691	1015	2.425
	2.658				1.04					1.658	1.04	1016	2.658
	2.675				1.422					1.675	1.422	1017	2.675
	2.699				1.602					1.699	1.602	1018	2.699
	2.239				1.763					1.839	0.763	1019	2.239
	2.589				1.296					1.589	1.296	1020	2.589
	2.422				1.734					1.422	1.734	1021	2.422
	2.13				1.155					1.13	1.155	1022	2.13
	2.073				1.102					1.073	1.102	1023	2.073
	2.23				1.182					1.83	1.182	1024	2.23
	2.791				1.888					1.791	1.888	1025	2.791
	2.791				1.536					1.791	1.536	1026	2.791
	2.786				1.858					1.786	1.858	1027	2.786
	2.169				1.395					1.169	1.395	1028	2.169
	2.173				1.16					1.173	0.16	1029	2.173
	2				1.162					2	1.162	1030	2
	2.707				1.548					1.707	1.548	1031	2.707
	2.193				1.109					1.193	1.109	1032	2.193
	2.721				1.69					1.721	0.69	1033	2.721
	2.71				1.654					1.71	1.654	1034	2.71
	2.207				1.722					1.807	0.722	1035	2.207
	2.148				1.542					1.148	1.542	1036	2.148
	2.358				1.527					1.358	1.527	1037	2.358
	2.486				1.735					1.486	1.735	1038	2.486
	2.552				1.449					1.552	1.449	1039	2.552
	2.15				1.226					1.15	1.226	1040	2.15
	2.091				1.586					1.091	1.586	1041	2.091
	2.261				1.881					1.261	1.881	1042	2.261
	2.207				1.198					1.207	0.198	1043	2.207
	2.544				1.326					1.544	1.326	1044	2.544
	2.414				1.138					1.414	1.138	1045	2.414
	2.084				1.67					1.084	1.67	1046	2.084
	2.113				1.575					1.113	1.575	1047	2.113
	2.451				1.896					1.451	1.896	1048	2.451
	2.265				1.374					1.265	1.374	1049	2.265
	2.268				1.506					1.268	1.506	1050	2.268
	2.336				1.809					1.336	1.809	1051	2.336
	2.267				1.639					1.267	1.639	1052	2.267
	2.293				1.433					1.293	1.433	1053	2.293
	2.346				1.213					1.346	1.213	1054	2.346
	2.261				1.335					1.261	1.335	1055	2.261
	2.18				1.668					1.18	0.668	1056	2.18
	2.069				1.409					1.069	1.409	1057	2.069
	2.592				1.12					1.592	1.12	1058	2.592
	2.561				1.239					1.561	1.239	1059	2.561
	2.254				1.188					1.254	1.188	1060	2.254
	2.226				1.827					1.226	0.827	1061	2.226
	2.138				1.8					1.138	1.8	1062	2.138
	2.377				1.418					1.377	1.418	1063	2.377
	2.322				1.187					1.322	0.187	1064	2.322
	2.177				1.669					1.177	1.669	1065	2.177
	2.267				1.197					1.267	1.197	1066	2.267
	2.087				1.811					1.087	1.811	1067	2.087
	2.297				1.126					1.297	1.126	1068	2.297
	2.117				1.615					1.117	1.615	1069	2.117
	2.374				1.763					1.374	1.763	1070	2.374
	2.531				1.647					1.531	1.647	1071	2.531
	2.211				1.003					1.211	1.003	1072	2.211
	2.106				1.563					1.106	1.563	1073	2.106
	2.134				1.022					1.134	1.022	1074	2.134
	2.149				1.341					1.149	1.341	1075	2.149
	2.118				1.67					1.118	1.67	1076	2.118
	2.274				1.185					1.274	1.185	1077	2.274
	2.202				1.891					1.202	1.891	1078	2.202
	2.299				1.132					1.299	1.132	1079	2.299
	2.377				1.804					1.377	1.804	1080	2.377
	2.098				1.219					1.098	1.219	1081	2.098
	2.193				1.142					1.193	1.142	1082	2.193
	2.166				1.115					1.166	1.115	1083	2.166
	2.444				1.29					1.444	1.29	1084	2.444
	2.279				1.11					1.279	1.11	1085	2.279
	2.17				1.791					1.17	1.791	1086	2.17
	2.513				1.778					1.513	1.778	1087	2.513
	2.369				1.048					1.369	1.048	1088	2.369
	2.161				1.285					1.161	1.285	1089	2.161
	2.1				1.17					1.1	1.17	1090	2.1
	2.165				1.379					1.165	1.379	1091	2.165
	2.33				1.159					1.33	1.159	1092	2.33
	2.292				1.242					1.292	1.242	1093	2.292
	2.137				1.051					1.137	1.051	1094	2.137
	2.53				1.194					1.53	1.194	1095	2.53
	2.495				1.143					1.495	1.143	1096	2.495
	2.47				1.244					1.47	1.244	1097	2.47
	2.497				1.102					1.497	1.102	1098	2.497
	2.432				1.419					1.432	1.419	1099	2.432
	2.393				1.71					1.393	1.71	1100	2.393
	2.247				1.212					1.247	1.212	1101	2.247
	2.571				1.415					1.571	1.415	1102	2.571
	2.595				1.14					1.595	1.14	1103	2.595
	2.674				1.067					1.674	1.067	1104	2.674
	2.567				1.042					1.567	1.042	1105	2.567
	2.647				1.199					1.647	1.199	1106	2.647
	2.439				1.322					1.439	1.322	1107	2.439
	2.348				1.119					1.348	1.119	1108	2.348
	2.358				1.037					1.358	1.037	1109	2.358
	2.215				1.131					1.215	1.131	1110	2.215
	2.139				1.314					1.139	1.314	1111	2.139
	2.232				1.162					1.232	1.162	1112	2.232
	2.168				1.033					1.168	1.033	1113	2.168
	2.121				1.216					1.121	1.216	1114	2.121
	2.436				1.044					1.436	1.044	1115	2.436
	2.307				1.096					1.307	1.096	1116	2.307
	2.386				1.012					1.386	1.012	1117	2.386
	2.467				1.224					1.467	1.224	1118	2.467
	2.748				1.218					1.748	1.218	1119	2.748
	2.608				1.175					1.608	1.175	1120	2.608
	2.516				1.071					1.516	1.071	1121	2.516
	2.738				1.082					1.738	1.082	1122	2.738
	2.417				1.205					1.417	1.205	1123	2.417
	2.362				1.081					1.362	1.081	1124	2.362
	2.476				1.114					1.476	1.114	1125	2.476
	2.644				1.153					1.644	1.153	1126	2.644
	2.768				1.154					1.768	1.154	1127	2.768
	2.628				1.037					1.628	1.037	1128	2.628
	2.516				1.761					1.516	1.761	1129	2.516
	2.566				1.705					1.566	1.705	1130	2.566
	2.474				1.599					1.474	1.599	1131	2.474
	2.688				1.602					1.688	1.602	1132	2.688
	2.635				1.45					1.635	1.45	1133	2.635
	2.225				1.012					1.825	1.012	1134	2.225
	2.169				1.85					1.169	1.85	1135	2.169
	2.142				1.702					1.142	1.702	1136	2.142
	2.757				1.886					1.757	1.886	1137	2.757
	2.208				1.795					1.808	1.795	1138	2.208
	2.246				1.886					1.846	1.886	1139	2.246
	2.214				1.516					1.814	1.516	1140	2.214
	2.274				1.153					1.874	1.153	1141	2.274
	2.558				1.49					1.558	1.49	1142	2.558
	2.662				1.519					1.662	1.519	1143	2.662
	2.197				1.673					1.197	1.673	1144	2.197
	2.766				1.138					1.766	1.138	1145	2.766
	2.739				1.084					1.739	1.084	1146	2.739
	2.59				1.116					1.59	1.116	1147	2.59
	2.776				1.849					1.776	1.849	1148	2.776
	2.677				1.171					1.677	1.171	1149	2.677
	2.778				1.85					1.778	1.85	1150	2.778
	2.107				1.425					1.107	1.425	1151	2.107
	2.18				1.86					1.18	1.86	1152	2.18
	2.164				1.899					1.164	1.899	1153	2.164
	2.556				1.002					1.556	1.002	1154	2.556
	2.654				1.116					1.654	1.116	1155	2.654
	2.703				1.233					1.703	1.233	1156	2.703
	2.41				1.017					1.41	1.017	1157	2.41
	2.791				1.094					1.791	1.094	1158	2.791
	2.766				1.889					1.766	1.889	1159	2.766
	2.707				1.115					1.707	1.115	1160	2.707
	2.231				1.122					1.831	3	1161	2.231
	2.666				1.03					1.666	1.03	1162	2.666
	2.137				1.144					1.137	1.144	1163	2.137
	2.675				1.144					1.675	1.144	1164	2.675
	2.488				1.123					1.488	1.123	1165	2.488
	2.698				1.201					1.698	1.201	1166	2.698
	2.706				1.085					1.706	1.085	1167	2.706
	2.578				1.076					1.578	1.076	1168	2.578
	2.515				1.589					1.515	1.589	1169	2.515
	2.048				1.122					1.048	1.122	1170	2.048
	2.107				1.171					1.107	1.171	1171	2.107
	2.503				1.187					1.503	1.187	1172	2.503
	2.776				1.246					1.776	1.246	1173	2.776
	2.587				1.14					1.587	1.14	1174	2.587
	2.481				1.72					1.481	1.72	1175	2.481
	2.464				1.868					1.464	1.868	1176	2.464
	2.348				1.195					1.348	1.195	1177	2.348
	2.505				1.189					1.505	1.189	1178	2.505
	2.583				1.017					1.583	1.017	1179	2.583
	2.782				1.137					1.782	1.137	1180	2.782
	2.593				1.065					1.593	1.065	1181	2.593
	2.418				1.18					1.418	1.18	1182	2.418
	2.682				1.839					1.682	1.839	1183	2.682
	2.622				1.138					1.622	1.138	1184	2.622
	2.524				1.836					1.524	1.836	1185	2.524
	2.243				1.145					1.843	1.145	1186	2.243
	2.69				1.132					1.69	1.132	1187	2.69
	2.776				1.013					1.776	1.013	1188	2.776
	2.712				1.115					1.712	1.115	1189	2.712
	2.061				1.309					1.061	1.309	1190	2.061
	2.26				1.272					1.86	1.272	1191	2.26
	2.75				1.259					1.75	1.259	1192	2.75
	2.761				1.104					1.761	1.104	1193	2.761
	2.638				1.129					1.638	1.129	1194	2.638
	2.604				1.175					1.604	1.175	1195	2.604
	2.702				1.254					1.702	1.254	1196	2.702
	2.499				1.322					1.499	1.322	1197	2.499
	2.501				1.874					1.501	1.874	1198	2.501
	2.703				1.314					1.703	1.314	1199	2.703
	2.172				1.178					1.172	1.178	1200	2.172
	2.288				1.168					1.888	1.168	1201	2.288
	2.134				1.29					1.134	1.29	1202	2.134
	2.189				1.092					1.189	1.092	1203	2.189
	2.263				1.278					1.863	1.278	1204	2.263
	2.252				1.064					1.852	1.064	1205	2.252
	2.231				1.122					1.831	1.122	1206	2.231
	2.292				1.204					1.892	1.204	1207	2.292
	2.091				1.192					1.091	1.192	1208	2.091
	2.668				1.116					1.668	1.116	1209	2.668
	2.218				1.135					1.818	1.135	1210	2.218
	2.789				1.171					1.789	1.171	1211	2.789
	2.248				1.06					1.848	1.06	1212	2.248
	2.255				1.139					1.855	1.139	1213	2.255
	2.154				1.099					1.154	1.099	1214	2.154
	2.145				1.107					1.145	1.107	1215	2.145
	2.298				1.763					1.298	1.763	1216	2.298
	2.153				1.131					1.153	1.131	1217	2.153
	2.212				1.216					1.212	1.216	1218	2.212
	2.029				1.741					1.029	1.741	1219	2.029
	2.287				1.117					1.287	1.117	1220	2.287
	2.287				1.676					1.887	1.676	1221	2.287
	2.296				1.624					1.896	1.624	1222	2.296
	2.103				1.721					1.103	1.721	1223	2.103
	2.053				1.829					1.053	1.829	1224	2.053
	2.09				1.535					1.09	1.535	1225	2.09
	2.074				1.897					1.074	1.897	1226	2.074
	2.166				1.743					1.166	1.743	1227	2.166
	2.027				1.483					1.027	1.483	1228	2.027
	2.765				1.82					1.765	1.82	1229	2.765
	2.186				1.131					1.186	1.131	1230	2.186
	2.124				1.691					1.124	1.691	1231	2.124
	2.66				1.707					1.66	1.707	1232	2.66
	2.688				1.782					1.688	1.782	1233	2.688
	2.788				1.718					1.788	1.718	1234	2.788
	2.065				1.865					1.065	1.865	1235	2.065
	2.135				1.762					1.135	1.762	1236	2.135
	2.572				1.113					1.572	1.113	1237	2.572
	2.098				1.639					1.098	1.639	1238	2.098
	2.149				1.819					1.149	1.819	1239	2.149
	2.114				1.712					1.114	1.712	1240	2.114
	2.048				1.02					1.048	1.02	1241	2.048
	2.249				1.853					1.849	1.853	1242	2.249
	2.151				1.883					1.151	1.883	1243	2.151
	2.28				1.085					1.88	1.085	1244	2.28
	2.093				1.256					1.093	1.256	1245	2.093
	2.096				1.723					1.096	1.723	1246	2.096
	2.174				1.566					1.174	1.566	1247	2.174
	2.126				1.125					1.126	1.125	1248	2.126
	2.18				1.864					1.18	1.864	1249	2.18
	2.151				1.035					1.151	1.035	1250	2.151
	2.61				1.701					1.61	1.701	1251	2.61
	2.038				1.895					1.038	1.895	1252	2.038
	2.205				1.648					1.805	1.648	1253	2.205
	2.22				1.119					1.82	1.119	1254	2.22
	2.286				1.781					1.886	1.781	1255	2.286
	2.746				1.453					1.746	1.453	1256	2.746
	2.249				1.427					1.849	1.427	1257	2.249
	2.276				1.285					1.876	1.285	1258	2.276
	2.796				1.289					1.796	1.289	1259	2.796
	2.156				1.218					1.156	1.218	1260	2.156
	2.05				1.796					1.05	1.796	1261	2.05
	2.171				1.271					1.171	1.271	1262	2.171
	2.313				1.195					1.313	1.195	1263	2.313
	2.167				1.623					1.167	1.623	1264	2.167
	2.168				1.013					1.168	1.013	1265	2.168
	2.782				1.144					1.782	1.144	1266	2.782
	2.027				1.129					1.027	1.129	1267	2.027
	2.187				1.085					1.187	1.085	1268	2.187
	2.129				1.047					1.129	1.047	1269	2.129
	2.188				1.229					1.188	1.229	1270	2.188
	2.018				1.154					1.018	1.154	1271	2.018
	2.185				1.068					1.185	1.068	1272	2.185
	2.086				1.835					1.086	1.835	1273	2.086
	2.095				1.198					1.095	1.198	1274	2.095
	2.269				1.792					1.869	1.792	1275	2.269
	2.187				1.117					1.187	1.117	1276	2.187
	2.036				1.287					1.036	1.287	1277	2.036
	2.192				1.829					1.192	1.829	1278	2.192
	2.186				1.34					1.186	1.34	1279	2.186
	2.348				1.663					1.348	1.663	1280	2.348
	2.116				1.635					1.116	1.635	1281	2.116
	2.393				1.856					1.393	1.856	1282	2.393
	2.139				1.143					1.139	1.143	1283	2.139
	2.272				1.755					1.872	1.755	1284	2.272
	2.163				1.133					1.163	1.133	1285	2.163
	2.169				1.127					1.169	1.127	1286	2.169
	2.226				1.201					1.826	1.201	1287	2.226
	2.1				1.595					1.1	1.595	1288	2.1
	2.049				1.231					1.049	1.231	1289	2.049
	2.217				1.475					1.817	1.475	1290	2.217
	2.009				1.868					1.009	1.868	1291	2.009
	2.23				1.124					1.83	1.124	1292	2.23
	2.102				1.097					1.102	1.097	1293	2.102
	2.2				1.704					1.8	1.704	1294	2.2
	2.228				1.113					1.828	1.113	1295	2.228
	2.609				1.67					1.609	1.67	1296	2.609
	2.271				1.729					1.871	1.729	1297	2.271
	2.161				1.106					1.161	1.106	1298	2.161
	2.258				1.067					1.258	1.067	1299	2.258
	2.074				1.74					1.074	1.74	1300	2.074
	2.311				1.824					1.311	1.824	1301	2.311
	2.181				1.203					1.181	1.203	1302	2.181
	2.225				1.163					1.225	1.163	1303	2.225
	2.325				1.009					1.325	1.009	1304	2.325
	2.092				1.113					1.092	1.113	1305	2.092
	2.175				1.734					1.175	1.734	1306	2.175
	2.061				1.861					1.061	1.861	1307	2.061
	2.147				1.103					1.147	1.103	1308	2.147
	2.262				1.129					1.862	1.129	1309	2.262
	2.401				1.113					1.401	1.113	1310	2.401
	2.061				1.143					1.061	1.143	1311	2.061
	2.116				1.009					1.116	1.009	1312	2.116
	2.108				1.843					1.108	1.843	1313	2.108
	2.148				1.778					1.148	1.778	1314	2.148
	2.162				1.739					1.162	1.739	1315	2.162
	2.204				1.503					1.804	1.503	1316	2.204
	2.162				1.429					1.162	1.429	1317	2.162
	2.23				1.445					1.83	1.445	1318	2.23
	2.132				1.193					1.132	1.193	1319	2.132
	2.113				1.513					1.113	1.513	1320	2.113
	2.242				1.302					1.842	1.302	1321	2.242
	2.025				1.564					1.025	1.564	1322	2.025
	2.068				1.391					1.068	1.391	1323	2.068
	2.027				1.696					1.027	1.696	1324	2.027
	2.002				1.4					1.002	1.4	1325	2.002
	2.028				1.463					1.028	1.463	1326	2.028
	2.117				1.44					1.117	1.44	1327	2.117
	2.121				1.566					1.121	1.566	1328	2.121
	2.223				1.355					1.823	1.355	1329	2.223
	2.189				1.224					1.189	1.224	1330	2.189
	2.073				1.027					1.073	1.027	1331	2.073
	2.123				1.171					1.123	0.171	1332	2.123
	2.047				1.017					1.047	1.017	1333	2.047
	2.147				1.06					1.147	1.06	1334	2.147
	2.168				1.821					1.168	1.821	1335	2.168
	2.779				1.874					1.779	1.874	1336	2.779
	2.773				1.698					1.773	1.698	1337	2.773
	2.177				1.103					1.177	0.103	1338	2.177
	2.753				1.127					1.753	1.127	1339	2.753
	2.732				1.322					1.732	1.322	1340	2.732
	2.118				1.525					1.118	1.525	1341	2.118
	2.06				1.104					1.06	1.104	1342	2.06
	2.288				1.89					1.888	1.89	1343	2.288
	2.1				1.696					1.1	1.696	1344	2.1
	2.245				1.607					1.845	1.607	1345	2.245
	2.126				1.41					1.126	1.41	1346	2.126
	2.209				1.323					1.809	1.323	1347	2.209
	2.043				1.546					1.043	1.546	1348	2.043
	2.243				1.182					1.843	1.182	1349	2.243
	2.274				1.319					1.874	1.319	1350	2.274
	2.13				1.35					1.13	1.35	1351	2.13
	2.209				1.36					1.809	1.36	1352	2.209
	2.737				1.058					1.737	1.058	1353	2.737
	2.218				1.467					1.818	1.467	1354	2.218
	2.799				1.735					1.799	1.735	1355	2.799
	2.014				1.002					1.014	1.002	1356	2.014
	2.113				1.163					1.113	1.163	1357	2.113
	2.718				1.304					1.718	1.304	1358	2.718
	2.256				1.254					1.856	1.254	1359	2.256
	2.55				1.235					1.55	1.235	1360	2.55
	2.515				1.357					1.515	1.357	1361	2.515
	2.65				1.33					1.65	1.33	1362	2.65
	2.23				1.502					1.83	1.502	1363	2.23
	2.205				1.417					1.805	1.417	1364	2.205
	2.565				1.158					1.565	1.158	1365	2.565
	2.428				1.07					1.428	1.07	1366	2.428
	2.379				1.376					1.379	1.376	1367	2.379
	2.428				1.089					1.428	1.089	1368	2.428
	2.251				1.207					1.851	1.207	1369	2.251
	2.249				1.235					1.849	1.235	1370	2.249
	2.483				1.204					1.483	1.204	1371	2.483
	2.381				1.153					1.381	1.153	1372	2.381
	2.486				1.185					1.486	1.185	1373	2.486
	2.327				1.262					1.327	1.262	1374	2.327
	2.619				1.182					1.619	1.182	1375	2.619
	2.627				1.359					1.627	1.359	1376	2.627
	2.594				1.05					1.594	1.05	1377	2.594
	2.604				1.888					1.604	1.888	1378	2.604
	2.441				1.13					1.441	1.13	1379	2.441
	2.267				1.202					1.267	1.202	1380	2.267
	2.326				1.164					1.326	1.164	1381	2.326
	2.297				1.43					1.297	1.43	1382	2.297
	2.414				1.263					1.414	1.263	1383	2.414
	2.401				1.21					1.401	1.21	1384	2.401
	2.497				1.075					1.497	1.075	1385	2.497
	2.545				1.034					1.545	1.034	1386	2.545
	2.429				1.238					1.429	1.238	1387	2.429
	2.687				1.031					1.687	1.031	1388	2.687
	2.538				1.024					1.538	1.024	1389	2.538
	2.647				1.254					1.647	1.254	1390	2.647
	2.238				1.119					1.838	1.119	1391	2.238
	2.576				1.122					1.576	1.122	1392	2.576
	2.435				1.202					1.435	1.202	1393	2.435
	2.669				1.168					1.669	1.168	1394	2.669
	2.62				1.362					1.62	1.362	1395	2.62
	2.625				1.107					1.625	1.107	1396	2.625
	2.55				1.052					1.55	1.052	1397	2.55
	2.308				1.398					1.308	1.398	1398	2.308
	2.316				1.146					1.316	1.146	1399	2.316
	2.387				1.116					1.387	1.116	1400	2.387
	2.406				1.189					1.406	1.189	1401	2.406
	2.638				1.447					1.638	1.447	1402	2.638
	2.581				1.814					1.581	1.814	1403	2.581
	2.499				1.143					1.499	1.143	1404	2.499
	2.535				1.018					1.535	1.018	1405	2.535
	2.462				1.128					1.462	1.128	1406	2.462
	2.771				1.11					1.771	1.11	1407	2.771
	2.665				1.198					1.665	1.198	1408	2.665
	2.132				1.189					1.132	1.189	1409	2.132
	2.292				1.635					1.892	1.635	1410	2.292
	2.218				1.257					1.818	1.257	1411	2.218
	2.782				1.204					1.782	1.204	1412	2.782
	2.227				1.157					1.827	1.157	1413	2.227
	2.714				1.119					1.714	1.119	1414	2.714
	2.381				1.101					1.381	1.101	1415	2.381
	2.595				1.103					1.595	1.103	1416	2.595
	2.215				1.122					1.815	1.122	1417	2.215
	2.435				1.119					1.435	1.119	1418	2.435
	2.186				1.155					1.186	1.155	1419	2.186
	2.755				1.123					1.755	1.123	1420	2.755
	2.127				1.254					1.127	1.254	1421	2.127
	2.208				1.165					1.808	1.165	1422	2.208
	2.26				1.071					1.86	1.071	1423	2.26
	2.154				1.101					1.154	1.101	1424	2.154
	2.003				1.208					1.003	1.208	1425	2.003
	2.702				1.864					1.702	1.864	1426	2.702
	2.693				1.74					1.693	1.74	1427	2.693
	2.758				1.828					1.758	1.828	1428	2.758
	2.71				1.147					1.71	1.147	1429	2.71
	2.645				1.879					1.645	1.879	1430	2.645
	2.221				1.881					1.821	1.881	1431	2.221
	2.105				1.249					1.105	1.249	1432	2.105
	2.108				1.879					1.108	1.879	1433	2.108
	2.167				1.828					1.167	1.828	1434	2.167
	2.782				1.172					1.782	1.172	1435	2.782
	2.276				1.471					1.876	1.471	1436	2.276
	2.752				1.216					1.752	1.216	1437	2.752
	2.049				1.79					1.049	1.79	1438	2.049
	2.754				1.034					1.754	1.034	1439	2.754
	2.207				1.198					1.207	1.198	1440	2.207
	2.039				1.09					1.039	1.09	1441	2.039
	2.177				1.105					1.177	1.105	1442	2.177
	2.093				1.226					1.093	1.226	1443	2.093
	2.031				1.163					1.031	1.163	1444	2.031
	2.239				1.133					1.839	1.133	1445	2.239
	2.281				1.132					1.881	1.132	1446	2.281
	2.17				1.864					1.17	1.864	1447	2.17
	2.162				1.025					1.162	1.025	1448	2.162
	2.276				1.837					1.876	1.837	1449	2.276
	2.216				1.658					1.816	1.658	1450	2.216
	2.147				1.192					1.147	1.192	1451	2.147
	2.089				1.154					1.089	1.154	1452	2.089
	2.274				1.873					1.874	1.873	1453	2.274
	2.776				1.512					1.776	1.512	1454	2.776
	2.748				1.114					1.748	1.114	1455	2.748
	2.113				1.018					1.113	1.018	1456	2.113
	2.286				1.032					1.886	1.032	1457	2.286
	2.259				1.041					1.859	1.041	1458	2.259
	2.242				1.82					1.842	1.82	1459	2.242
	2.765				1.222					1.765	1.222	1460	2.765
	2.136				1.011					1.136	1.011	1461	2.136
	2.775				1.885					1.775	1.885	1462	2.775
	2.312				1.191					1.312	1.191	1463	2.312
	2.041				1.24					1.041	1.24	1464	2.041
	2.797				1.092					1.797	1.092	1465	2.797
	2.177				1.13					1.177	1.13	1466	2.177
	2.709				1.161					1.709	1.161	1467	2.709
	2.777				1.136					1.777	1.136	1468	2.777
	2.102				1.11					1.102	1.11	1469	2.102
	2.775				1.1					1.775	1.1	1470	2.775
	2.215				1.235					1.815	1.235	1471	2.215
	2.774				1.15					1.774	1.15	1472	2.774
	2.506				1.274					1.506	1.274	1473	2.506
	2.273				1.206					1.873	1.206	1474	2.273
	2.527				1.38					1.527	1.38	1475	2.527
	2.481				1.111					1.481	1.111	1476	2.481
	2.537				1.038					1.537	1.038	1477	2.537
	2.552				1.036					1.552	1.036	1478	2.552
	2.591				1.095					1.591	1.095	1479	2.591
	2.243				1.119					1.843	1.119	1480	2.243
	2.251				1.84					1.851	1.84	1481	2.251
	2.76				1.137					1.76	1.137	1482	2.76
	2.685				1.304					1.685	1.304	1483	2.685
	2.603				1.091					1.603	1.091	1484	2.603
	2.617				1.202					1.617	1.202	1485	2.617
	2.799				1.084					1.799	1.084	1486	2.799
	2.183				1.043					1.183	1.043	1487	2.183
	2.022				1.326					1.022	1.326	1488	2.022
	2.203				1.176					1.803	1.176	1489	2.203
	2.22				1.319					1.82	1.319	1490	2.22
	2.638				1.198					1.638	1.198	1491	2.638
	2.688				1.051					1.688	1.051	1492	2.688
	2.665				1.136					1.665	1.136	1493	2.665
	2.489				1.643					1.489	1.643	1494	2.489
	2.371				1.093					1.371	1.093	1495	2.371
	2.395				1.087					1.395	1.087	1496	2.395
	2.419				1.089					1.419	1.089	1497	2.419
	2.464				1.826					1.464	1.826	1498	2.464
	2.34				1.847					1.34	1.847	1499	2.34
	2.469				1.1					1.469	1.1	1500	2.469
	2.495				1.813					1.495	1.813	1501	2.495
	2.281				1.059					1.281	1.059	1502	2.281
	2.501				1.152					1.501	1.152	1503	2.501
	2.46				1.862					1.46	1.862	1504	2.46
	2.563				1.249					1.563	1.249	1505	2.563
	2.57				1.113					1.57	1.113	1506	2.57
	2.514				1.096					1.514	1.096	1507	2.514
	2.442				1.171					1.442	1.171	1508	2.442
	2.699				1.069					1.699	1.069	1509	2.699
	2.56				1.241					1.56	1.241	1510	2.56
	2.788				1.027					1.788	1.027	1511	2.788
	2.308				1.839					1.308	1.839	1512	2.308
	2.477				1.19					1.477	1.19	1513	2.477
	2.454				1.356					1.454	1.356	1514	2.454
	2.391				1.643					1.391	1.643	1515	2.391
	2.223				1.368					1.823	1.368	1516	2.223
	2.539				1.237					1.539	1.237	1517	2.539
	2.573				1.229					1.573	1.229	1518	2.573
	2.492				1.172					1.492	1.172	1519	2.492
	2.575				1.299					1.575	1.299	1520	2.575
	2.556				1.139					1.556	1.139	1521	2.556
	2.534				1.119					1.534	1.119	1522	2.534
	2.739				1.335					1.739	1.335	1523	2.739
	2.448				1.306					1.448	1.306	1524	2.448
	2.557				1.148					1.557	1.148	1525	2.557
	2.394				1.195					1.394	1.195	1526	2.394
	2.149				1.836					1.149	1.836	1527	2.149
	2.609				1.053					1.609	1.053	1528	2.609
	2.617				1.12					1.617	1.12	1529	2.617
	2.718				1.252					1.718	1.252	1530	2.718
	2.698				1.648					1.698	1.648	1531	2.698
	2.122				1.817					1.122	1.817	1532	2.122
	2.779				1.13					1.779	1.13	1533	2.779
	2.254				1.072					1.854	1.072	1534	2.254
	2.731				1.797					1.731	1.797	1535	2.731
	2.521				1.052					1.521	1.052	1536	2.521
	2.573				1.618					1.573	1.618	1537	2.573
	2.711				1.006					1.711	1.006	1538	2.711
	2.382				1.208					1.382	1.208	1539	2.382
	2.623				1.049					1.623	1.049	1540	2.623
	2.578				1.176					1.578	1.176	1541	2.578
	2.48				1.184					1.48	1.184	1542	2.48
	2.502				1.229					1.502	1.229	1543	2.502
	2.4				1.173					1.4	1.173	1544	2.4
	2.317				1.794					1.317	1.794	1545	2.317
	2.516				1.112					1.516	1.112	1546	2.516
	2.45				1.001					1.45	1.001	1547	2.45
	2.421				1.173					1.421	1.173	1548	2.421
	2.575				1.525					1.575	1.525	1549	2.575
	2.325				1.426					1.325	1.426	1550	2.325
	2.466				1.827					1.466	1.827	1551	2.466
	2.663				1.174					1.663	1.174	1552	2.663
	2.486				1.808					1.486	0.808	1553	2.486
	2.49				1.619					1.49	1.619	1554	2.49
	2.435				1.639					1.435	1.639	1555	2.435
	2.466				1.78					1.466	1.78	1556	2.466
	2.37				1.148					1.37	0.148	1557	2.37
	2.354				1.77					1.354	0.77	1558	2.354
	2.214				1.121					1.214	1.121	1559	2.214
	2.33				1.184					1.33	1.184	1560	2.33
	2.459				1.207					1.459	1.207	1561	2.459
	2.454				1.645					1.454	1.645	1562	2.454
	2.711				1.178					1.711	1.178	1563	2.711
	2.29				1.016					1.29	1.016	1564	2.29
	2.41				1.624					1.41	1.624	1565	2.41
	2.513				1.847					1.513	1.847	1566	2.513
	2.541				1.178					1.541	1.178	1567	2.541
	2.541				1.638					1.541	1.638	1568	2.541
	2.438				1.791					1.438	1.791	1569	2.438
	2.688				1.31					1.688	1.31	1570	2.688
	2.69				1.128					1.69	1.128	1571	2.69
	2.637				1.529					1.637	1.529	1572	2.637
	2.526				1.796					1.526	1.796	1573	2.526
	2.382				1.662					1.382	1.662	1574	2.382
	2.641				1.051					1.641	1.051	1575	2.641
	2.479				1.439					1.479	1.439	1576	2.479
	2.463				1.275					1.463	1.275	1577	2.463
	2.443				1.489					1.443	1.489	1578	2.443
	2.631				1.483					1.631	1.483	1579	2.631
	2.619				1.548					1.619	0.548	1580	2.619
	2.38				1.873					1.38	1.873	1581	2.38
	2.656				1.369					1.656	1.369	1582	2.656
	2.467				1.474					1.467	1.474	1583	2.467
	2.6				1.829					1.6	0.829	1584	2.6
	2.582				1.344					1.582	1.344	1585	2.582
	2.66				1.068					1.66	1.068	1586	2.66
	2.613				1.598					1.613	1.598	1587	2.613
	2.377				1.135					1.377	1.135	1588	2.377
	2.44				1.438					1.44	1.438	1589	2.44
	2.6				1.302					1.6	1.302	1590	2.6
	2.493				1.695					1.493	1.695	1591	2.493
	2.762				1.722					1.762	0.722	1592	2.762
	2.429				1.5					1.429	1.5	1593	2.429
	2.549				1.113					1.549	1.113	1594	2.549
	2.613				1.232					1.613	1.232	1595	2.613
	2.612				1.661					1.612	1.661	1596	2.612
	2.361				1.126					1.361	1.126	1597	2.361
	2.553				1.293					1.553	1.293	1598	2.553
	2.46				1.182					1.46	1.182	1599	2.46
	2.569				1.781					1.569	1.781	1600	2.569
	2.557				1.368					1.557	1.368	1601	2.557
	2.528				1.67					1.528	1.67	1602	2.528
	2.413				1.079					1.413	1.079	1603	2.413
	2.546				1.194					1.546	1.194	1604	2.546
	2.39				1.849					1.39	1.849	1605	2.39
	2.564				1.684					1.564	1.684	1606	2.564
	2.734				1.635					1.734	1.635	1607	2.734
	2.738				1.515					1.738	1.515	1608	2.738
	2.662				1.736					1.662	1.736	1609	2.662
	2.579				1.089					1.579	1.089	1610	2.579
	2.661				1.167					1.661	1.167	1611	2.661
	2.53				1.863					1.53	1.863	1612	2.53
	2.708				1.129					1.708	1.129	1613	2.708
	2.677				1.06					1.677	1.06	1614	2.677
	2.271				1.361					1.871	1.361	1615	2.271
	2.734				1.573					1.734	1.573	1616	2.734
	2.693				1.824					1.693	1.824	1617	2.693
	2.508				1.628					1.508	1.628	1618	2.508
	2.74				1.507					1.74	1.507	1619	2.74
	2.702				1.662					1.702	1.662	1620	2.702
	2.489				1.619					1.489	1.619	1621	2.489
	2.306				1.302					1.306	0.302	1622	2.306
	2.39				1.114					1.39	1.114	1623	2.39
	2.209				1.481					1.209	1.481	1624	2.209
	2.289				1.453					1.289	1.453	1625	2.289
	2.464				1.551					1.464	1.551	1626	2.464
	2.298				1.399					1.298	1.399	1627	2.298
	2.358				1.84					1.358	1.84	1628	2.358
	2.52				1.131					1.52	1.131	1629	2.52
	2.431				1.076					1.431	1.076	1630	2.431
	2.374				1.29					1.374	1.29	1631	2.374
	2.387				1.435					1.387	1.435	1632	2.387
	2.449				1.286					1.449	1.286	1633	2.449
	2.517				1.057					1.517	1.057	1634	2.517
	2.379				1.484					1.379	1.484	1635	2.379
	2.284				1.824					1.284	0.824	1636	2.284
	2.43				1.37					1.43	1.37	1637	2.43
	2.315				1.154					1.315	1.154	1638	2.315
	2.366				1.254					1.366	1.254	1639	2.366
	2.483				1.141					1.483	1.141	1640	2.483
	2.378				1.467					1.378	1.467	1641	2.378
	2.642				1.289					1.642	1.289	1642	2.642
	2.452				1.163					1.452	1.163	1643	2.452
	2.533				1.091					1.533	1.091	1644	2.533
	2.658				1.146					1.658	1.146	1645	2.658
	2.665				1.463					1.665	1.463	1646	2.665
	2.516				1.612					1.516	1.612	1647	2.516
	2.613				1.693					1.613	1.693	1648	2.613
	2.592				1.133					1.592	1.133	1649	2.592
	2.344				1.696					1.344	1.696	1650	2.344
	2.454				1.623					1.454	1.623	1651	2.454
	2.423				1.845					1.423	1.845	1652	2.423
	2.364				1.859					1.364	1.859	1653	2.364
	2.391				1.893					1.391	1.893	1654	2.391
	2.28				1.786					1.28	1.786	1655	2.28
	2.547				1.184					1.547	1.184	1656	2.547
	2.369				1.719					1.369	1.719	1657	2.369
	2.474				1.654					1.474	1.654	1658	2.474
	2.421				1.644					1.421	1.644	1659	2.421
	2.334				1.75					1.334	1.75	1660	2.334
	2.397				1.561					1.397	1.561	1661	2.397
	2.436				1.669					1.436	1.669	1662	2.436
	2.347				1.051					1.347	1.051	1663	2.347
	2.584				1.164					1.584	1.164	1664	2.584
	2.514				1.182					1.514	1.182	1665	2.514
	2.616				1.883					1.616	1.883	1666	2.616
	2.477				1.078					1.477	1.078	1667	2.477
	2.455				1.711					1.455	1.711	1668	2.455
	2.227				1.15					1.827	1.15	1669	2.227
	2.426				1.06					1.426	1.06	1670	2.426
	2.615				1.039					1.615	1.039	1671	2.615
	2.62				1.193					1.62	1.193	1672	2.62
	2.571				1.114					1.571	1.114	1673	2.571
	2.405				1.028					1.405	1.028	1674	2.405
	2.362				1.149					1.362	1.149	1675	2.362
	2.466				1.224					1.466	1.224	1676	2.466
	2.404				1.157					1.404	1.157	1677	2.404
	2.481				1.464					1.481	1.464	1678	2.481
	2.428				1.819					1.428	1.819	1679	2.428
	2.486				1.019					1.486	1.019	1680	2.486
	2.553				1.477					1.553	1.477	1681	2.553
	2.609				1.297					1.609	1.297	1682	2.609
	2.504				1.173					1.504	1.173	1683	2.504
	2.574				1.225					1.574	1.225	1684	2.574
	2.425				1.143					1.425	1.143	1685	2.425
	2.647				1.129					1.647	1.129	1686	2.647
	2.678				1.859					1.678	1.859	1687	2.678
	2.671				1.293					1.671	1.293	1688	2.671
	2.534				1.173					1.534	1.173	1689	2.534
	2.587				1.263					1.587	1.263	1690	2.587
	2.288				1.18					1.288	1.18	1691	2.288
	2.261				1.826					1.261	1.826	1692	2.261
	2.472				1.151					1.472	1.151	1693	2.472
	2.413				1.104					1.413	1.104	1694	2.413
	2.576				1.261					1.576	1.261	1695	2.576
	2.375				1.837					1.375	1.837	1696	2.375
	2.289				1.101					1.289	1.101	1697	2.289
	2.601				1.237					1.601	1.237	1698	2.601
	2.54				1.064					1.54	1.064	1699	2.54
	2.344				1.135					1.344	1.135	1700	2.344
	2.319				1.894					1.319	1.894	1701	2.319
	2.442				1.169					1.442	1.169	1702	2.442
	2.259				1.184					1.259	1.184	1703	2.259
	2.4				1.898					1.4	1.898	1704	2.4
	2.394				1.15					1.394	1.15	1705	2.394
	2.312				1.217					1.312	1.217	1706	2.312
	2.205				1.141					1.205	1.141	1707	2.205
	2.359				1.894					1.359	1.894	1708	2.359
	2.402				1.396					1.402	1.396	1709	2.402
	2.298				1.174					1.298	1.174	1710	2.298
	2.331				1.87					1.331	1.87	1711	2.331
	2.339				1.17					1.339	1.17	1712	2.339
	2.381				1.238					1.381	1.238	1713	2.381
	2.36				1.42					1.36	1.42	1714	2.36
	2.402				1.209					1.402	1.209	1715	2.402
	2.504				1.084					1.504	1.084	1716	2.504
	2.334				1.504					1.334	1.504	1717	2.334
	2.324				1.834					1.324	0.834	1718	2.324
	2.272				1.87					1.272	0.87	1719	2.272
	2.313				1.048					1.313	1.048	1720	2.313
	2.422				1.299					1.422	1.299	1721	2.422
	2.347				1.122					1.347	1.122	1722	2.347
	2.435				1.575					1.435	1.575	1723	2.435
	2.582				1.429					1.582	1.429	1724	2.582
	2.589				1.269					1.589	1.269	1725	2.589
	2.554				1.762					1.554	0.762	1726	2.554
	2.572				1.68					1.572	1.68	1727	2.572
	2.456				1.702					1.456	1.702	1728	2.456
	2.51				1.121					1.51	1.121	1729	2.51
	2.401				1.548					1.401	1.548	1730	2.401
	2.335				1.531					1.335	1.531	1731	2.335
	2.305				1.171					1.305	1.171	1732	2.305
	2.574				1.64					1.574	1.64	1733	2.574
	2.538				1.336					1.538	1.336	1734	2.538
	2.476				1.498					1.476	1.498	1735	2.476
	2.418				1.59					1.418	1.59	1736	2.418
	2.248				1.459					1.248	1.459	1737	2.248
	2.305				1.571					1.305	1.571	1738	2.305
	2.585				1.614					1.585	1.614	1739	2.585
	2.395				1.41					1.395	1.41	1740	2.395
	2.201				1.452					1.201	1.452	1741	2.201
	2.271				1.603					1.271	1.603	1742	2.271
	2.303				1.249					1.303	1.249	1743	2.303
	2.388				1.568					1.388	1.568	1744	2.388
	2.42				1.666					1.42	1.666	1745	2.42
	2.498				1.543					1.498	1.543	1746	2.498
	2.361				1.569					1.361	1.569	1747	2.361
	2.419				1.567					1.419	1.567	1748	2.419
	2.452				1.209					1.452	1.209	1749	2.452
	2.446				1.887					1.446	1.887	1750	2.446
	2.375				1.589					1.375	1.589	1751	2.375
	2.304				1.397					1.304	1.397	1752	2.304
	2.275				1.244					1.275	1.244	1753	2.275
	2.256				1.562					1.256	1.562	1754	2.256
	2.413				1.671					1.413	1.671	1755	2.413
	2.51				1.835					1.51	1.835	1756	2.51
	2.438				1.816					1.438	1.816	1757	2.438
	2.144				1.433					1.144	1.433	1758	2.144
	2.397				1.236					1.397	1.236	1759	2.397
	2.67				1.708					1.67	1.708	1760	2.67
	2.394				1.476					1.394	1.476	1761	2.394
	2.379				1.866					1.379	1.866	1762	2.379
	2.351				1.613					1.351	1.613	1763	2.351
	2.135				1.799					1.135	1.799	1764	2.135
	2.354				1.716					1.354	1.716	1765	2.354
	2.343				1.602					1.343	1.602	1766	2.343
	2.511				1.507					1.511	1.507	1767	2.511
	2.414				1.671					1.414	1.671	1768	2.414
	2.523				1.796					1.523	1.796	1769	2.523
	2.444				1.55					1.444	1.55	1770	2.444
	2.407				1.662					1.407	1.662	1771	2.407
	2.234				1.392					1.234	1.392	1772	2.234
	2.401				1.252					1.401	1.252	1773	2.401
	2.482				1.496					1.482	1.496	1774	2.482
	2.33				1.387					1.33	1.387	1775	2.33
	2.582				1.651					1.582	1.651	1776	2.582
	2.383				1.211					1.383	1.211	1777	2.383
	2.326				1.675					1.326	1.675	1778	2.326
	2.62				1.639					1.62	1.639	1779	2.62
	2.507				1.407					1.507	1.407	1780	2.507
	2.455				1.69					1.455	1.69	1781	2.455
	2.643				1.682					1.643	1.682	1782	2.643
	2.551				1.553					1.551	1.553	1783	2.551
	2.562				1.7					1.562	1.7	1784	2.562
	2.776				1.014					1.776	1.014	1785	2.776
	2.395				1.607					1.395	1.607	1786	2.395
	2.592				1.612					1.592	1.612	1787	2.592
	2.511				1.131					1.511	1.131	1788	2.511
	2.613				1.68					1.613	1.68	1789	2.613
	2.532				1.642					1.532	1.642	1790	2.532
	2.613				1.503					1.613	1.503	1791	2.613
	2.318				1.855					1.318	1.855	1792	2.318
	2.706				1.864					1.706	1.864	1793	2.706
	2.564				1.619					1.564	1.619	1794	2.564
	2.797				1.677					1.797	1.677	1795	2.797
	2.61				1.44					1.61	1.44	1796	2.61
	2.491				1.586					1.491	1.586	1797	2.491
	2.562				1.626					1.562	1.626	1798	2.562
	2.52				1.8					1.52	1.8	1799	2.52
	2.695				1.572					1.695	1.572	1800	2.695
	2.406				1.676					1.406	1.676	1801	2.406
	2.541				1.794					1.541	1.794	1802	2.541
	2.592				1.775					1.592	1.775	1803	2.592
	2.7				1.575					1.7	1.575	1804	2.7
	2.79				1.61					1.79	1.61	1805	2.79
	2.504				1.685					1.504	1.685	1806	2.504
	2.524				1.821					1.524	1.821	1807	2.524
	2.585				1.803					1.585	1.803	1808	2.585
	2.636				1.464					1.636	1.464	1809	2.636
	2.572				1.776					1.572	1.776	1810	2.572
	2.384				1.657					1.384	1.657	1811	2.384
	2.431				1.008					1.431	1.008	1812	2.431
	2.426				1.89					1.426	1.89	1813	2.426
	2.615				1.508					1.615	1.508	1814	2.615
	2.56				1.454					1.56	1.454	1815	2.56
	2.294				1.566					1.294	1.566	1816	2.294
	2.287				1.665					1.287	1.665	1817	2.287
	2.468				1.592					1.468	1.592	1818	2.468
	2.536				1.635					1.536	1.635	1819	2.536
	2.327				1.671					1.327	1.671	1820	2.327
	2.481				1.818					1.481	1.818	1821	2.481
	2.395				1.769					1.395	1.769	1822	2.395
	2.567				1.647					1.567	1.647	1823	2.567
	2.511				1.651					1.511	1.651	1824	2.511
	2.7				1.623					1.7	1.623	1825	2.7
	2.664				1.877					1.664	1.877	1826	2.664
	2.738				1.702					1.738	1.702	1827	2.738
	2.614				1.73					1.614	1.73	1828	2.614
	2.77				1.005					1.77	1.005	1829	2.77
	2.592				1.568					1.592	1.568	1830	2.592
	2.728				1.824					1.728	1.824	1831	2.728
	2.639				1.495					1.639	1.495	1832	2.639
	2.541				1.692					1.541	1.692	1833	2.541
	2.745				1.007					1.745	1.007	1834	2.745
	2.149				1.619					1.149	1.619	1835	2.149
	2.771				1.822					1.771	1.822	1836	2.771
	2.737				1.11					1.737	1.11	1837	2.737
	2.724				1.813					1.724	1.813	1838	2.724
	2.453				1.782					1.453	1.782	1839	2.453
	2.548				1.571					1.548	1.571	1840	2.548
	2.362				1.551					1.362	1.551	1841	2.362
	2.279				1.629					1.279	1.629	1842	2.279
	2.337				1.786					1.337	1.786	1843	2.337
	2.285				1.748					1.285	1.748	1844	2.285
	2.382				1.572					1.382	1.572	1845	2.382
	2.346				1.814					1.346	1.814	1846	2.346
	2.433				1.397					1.433	1.397	1847	2.433
	2.501				1.675					1.501	1.675	1848	2.501
	2.447				1.89					1.447	1.89	1849	2.447
	2.711				1.79					1.711	1.79	1850	2.711
	2.441				1.767					1.441	1.767	1851	2.441
	2.661				1.647					1.661	1.647	1852	2.661
	2.32				1.318					1.32	1.318	1853	2.32
	2.198				1.115					1.198	1.115	1854	2.198
	2.215				1.552					1.215	1.552	1855	2.215
	2.306				1.684					1.306	1.684	1856	2.306
	2.529				1.503					1.529	1.503	1857	2.529
	2.438				1.56					1.438	1.56	1858	2.438
	2.307				1.599					1.307	1.599	1859	2.307
	2.277				1.586					1.277	1.586	1860	2.277
	2.433				1.668					1.433	1.668	1861	2.433
	2.203				1.623					1.803	1.623	1862	2.203
	2.613				1.739					1.613	1.739	1863	2.613
	2.429				1.714					1.429	1.714	1864	2.429
	2.359				1.844					1.359	1.844	1865	2.359
	2.537				1.731					1.537	1.731	1866	2.537
	2.492				1.514					1.492	1.514	1867	2.492
	2.518				1.199					1.518	1.199	1868	2.518
	2.703				1.536					1.703	1.536	1869	2.703
	2.643				1.666					1.643	1.666	1870	2.643
	2.515				1.702					1.515	1.702	1871	2.515
	2.497				1.832					1.497	1.832	1872	2.497
	2.448				1.696					1.448	1.696	1873	2.448
	2.227				1.831					1.827	1.831	1874	2.227
	2.58				1.75					1.58	1.75	1875	2.58
	2.63				1.63					1.63	1.63	1876	2.63
	2.28				1.807					1.88	1.807	1877	2.28
	2.604				1.636					1.604	1.636	1878	2.604
	2.628				1.895					1.628	1.895	1879	2.628
	2.672				1.775					1.672	1.775	1880	2.672
	2.468				1.558					1.468	1.558	1881	2.468
	2.444				1.412					1.444	1.412	1882	2.444
	2.574				1.604					1.574	1.604	1883	2.574
	2.783				1.559					1.783	1.559	1884	2.783
	2.725				1.79					1.725	1.79	1885	2.725
	2.229				1.877					1.829	1.877	1886	2.229
	2.769				1.787					1.769	1.787	1887	2.769
	2.069				1.806					1.069	1.806	1888	2.069
	2.675				1.499					1.675	1.499	1889	2.675
	2.796				1.68					1.796	1.68	1890	2.796
	2.752				1.446					1.752	1.446	1891	2.752
	2.799				1.825					1.799	1.825	1892	2.799
	2.631				1.689					1.631	1.689	1893	2.631
	2.543				1.527					1.543	1.527	1894	2.543
	2.636				1.632					1.636	1.632	1895	2.636
	2.788				1.298					1.788	1.298	1896	2.788
	2.067				1.662					1.067	1.662	1897	2.067
	2.102				1.107					1.102	1.107	1898	2.102
	2.207				1.317					1.807	1.317	1899	2.207
	2.182				1.582					1.182	1.582	1900	2.182
	2.722				1.508					1.722	1.508	1901	2.722
	2.768				1.785					1.768	1.785	1902	2.768
	2.683				1.642					1.683	1.642	1903	2.683
	2.475				1.546					1.475	1.546	1904	2.475
	2.658				1.559					1.658	1.559	1905	2.658
	2.512				1.492					1.512	1.492	1906	2.512
	2.679				1.76					1.679	1.76	1907	2.679
	2.253				1.119					1.853	1.119	1908	2.253
	2.666				1.063					1.666	1.063	1909	2.666
	2.703				1.502					1.703	1.502	1910	2.703
	2.643				1.702					1.643	1.702	1911	2.643
	2.722				1.888					1.722	1.888	1912	2.722
	2.76				1.823					1.76	1.823	1913	2.76
	2.773				1.655					1.773	1.655	1914	2.773
	2.791				1.794					1.791	1.794	1915	2.791
	2.586				1.605					1.586	1.605	1916	2.586
	2.555				1.569					1.555	1.569	1917	2.555
	2.501				1.592					1.501	1.592	1918	2.501
	2.456				1.393					1.456	1.393	1919	2.456
	2.471				1.672					1.471	1.672	1920	2.471
	2.625				1.819					1.625	1.819	1921	2.625
	2.475				1.712					1.475	1.712	1922	2.475
	2.528				1.274					1.528	1.274	1923	2.528
	2.652				1.717					1.652	1.717	1924	2.652
	2.175				1.129					1.175	1.129	1925	2.175
	2.76				1.657					1.76	1.657	1926	2.76
	2.799				1.635					1.799	1.635	1927	2.799
	2.789				1.19					1.789	1.19	1928	2.789
	2.56				1.34					1.56	1.34	1929	2.56
	2.298				1.7					1.898	1.7	1930	2.298
	2.645				1.669					1.645	1.669	1931	2.645
	2.655				1.584					1.655	1.584	1932	2.655
	2.717				1.748					1.717	1.748	1933	2.717
	2.11				1.153					1.11	1.153	1934	2.11
	2.608				1.523					1.608	1.523	1935	2.608
	2.724				1.432					1.724	1.432	1936	2.724
	2.004				1.753					1.004	1.753	1937	2.004
	2.764				1.122					1.764	1.122	1938	2.764
	2.708				1.739					1.708	1.739	1939	2.708
	2.472				1.377					1.472	1.377	1940	2.472
	2.54				1.459					1.54	1.459	1941	2.54
	2.489				1.443					1.489	1.443	1942	2.489
	2.379				1.697					1.379	1.697	1943	2.379
	2.216				1.58					1.816	1.58	1944	2.216
	2.056				1.156					1.056	1.156	1945	2.056
	2.102				1.713					1.102	1.713	1946	2.102
	2.682				1.516					1.682	1.516	1947	2.682
	2.367				1.674					1.367	1.674	1948	2.367
	2.699				1.598					1.699	1.598	1949	2.699
	2.52				1.44					1.52	1.44	1950	2.52
	2.678				1.701					1.678	1.701	1951	2.678
	2.719				1.784					1.719	1.784	1952	2.719
	2.601				1.53					1.601	1.53	1953	2.601
	2.561				1.344					1.561	1.344	1954	2.561
	2.634				1.371					1.634	1.371	1955	2.634
	2.659				1.565					1.659	1.565	1956	2.659
	2.697				1.855					1.697	1.855	1957	2.697
	2.231				1.83					1.831	1.83	1958	2.231
	2.622				1.098					1.622	1.098	1959	2.622
	2.482				1.344					1.482	1.344	1960	2.482
	2.461				1.588					1.461	1.588	1961	2.461
	2.647				1.441					1.647	1.441	1962	2.647
	2.551				1.528					1.551	1.528	1963	2.551
	2.634				1.6					1.634	1.6	1964	2.634
	2.639				1.501					1.639	1.501	1965	2.639
	2.46				1.417					1.46	1.417	1966	2.46
	2.386				1.36					1.386	1.36	1967	2.386
	2.498				1.369					1.498	1.369	1968	2.498
	2.694				1.114					1.694	0.114	1969	2.694
	2.614				1.502					1.614	1.502	1970	2.614
	2.663				1.14					1.663	1.14	1971	2.663
	2.545				1.208					1.545	1.208	1972	2.545
	2.562				1.597					1.562	1.597	1973	2.562
	2.743				1.381					1.743	1.381	1974	2.743
	2.498				1.41					1.498	1.41	1975	2.498
	2.245				1.549					1.845	1.549	1976	2.245
	2.564				1.355					1.564	1.355	1977	2.564
	2.623				1.398					1.623	1.398	1978	2.623
	2.569				1.749					1.569	1.749	1979	2.569
	2.525				1.641					1.525	1.641	1980	2.525
	2.799				1.565					1.799	1.565	1981	2.799
	2.75				1.596					1.75	1.596	1982	2.75
	2.68				1.65					1.68	1.65	1983	2.68
	2.732				1.708					1.732	1.708	1984	2.732
	2.692				1.601					1.692	1.601	1985	2.692
	2.756				1.77					1.756	1.77	1986	2.756
	2.233				1.399					1.833	1.399	1987	2.233
	2.795				1.877					1.795	1.877	1988	2.795
	2.225				1.303					1.825	1.303	1989	2.225
	2.783				1.468					1.783	1.468	1990	2.783
	2.784				1.511					1.784	1.511	1991	2.784
	2.254				1.524					1.854	1.524	1992	2.254
	2.793				1.579					1.793	1.579	1993	2.793
	2.616				1.376					1.616	1.376	1994	2.616
	2.248				1.834					1.848	1.834	1995	2.248
	2.248				1.1					1.848	1.1	1996	2.248
	2.288				1.538					1.888	1.538	1997	2.288
	2.024				1.875					1.024	1.875	1998	2.024
	2.764				1.578					1.764	1.578	1999	2.764
	2.52				1.608					1.52	1.608	2000	2.52
	2.655				1.681					1.655	1.681	2001	2.655
	2.665				1.725					1.665	1.725	2002	2.665
